Category	Variants	Gene
Splice-altering	1	A2ML1
Splice-altering	1	AACS
Splice-altering	1	AADAT
Splice-altering	1	AAGAB
Splice-altering	1	AAMDC
Splice-altering	1	AAMP
Splice-altering	1	AAR2
Splice-altering	1	AARS2
Splice-altering	1	AARSD1
Splice-altering	1	AASDH
Splice-altering	1	AATK
Splice-altering	1	ABALON
Splice-altering	1	ABAT
Splice-altering	1	ABCA3
Splice-altering	1	ABCA5
Splice-altering	1	ABCA6
Splice-altering	1	ABCB1
Splice-altering	1	ABCB6
Splice-altering	1	ABCB7
Splice-altering	1	ABCB8
Splice-altering	1	ABCC10
Splice-altering	1	ABCC5
Splice-altering	1	ABCC6P1
Splice-altering	1	ABCD1
Splice-altering	1	ABCF1
Splice-altering	1	ABCF2
Splice-altering	1	ABCF2-H2BK1
Splice-altering	1	ABCG2
Splice-altering	1	ABHD11
Splice-altering	1	ABHD18
Splice-altering	1	ABHD2
Splice-altering	1	ABHD8
Splice-altering	1	ABI1
Splice-altering	1	ABL1
Splice-altering	1	ABLIM3
Splice-altering	1	ABTB2
Splice-altering	1	ABTB3
Splice-altering	1	ACAD10
Splice-altering	1	ACADL
Splice-altering	1	ACADSB
Splice-altering	1	ACAP2
Splice-altering	1	ACAT1
Splice-altering	1	ACAT2
Splice-altering	1	ACBD4
Splice-altering	1	ACE
Splice-altering	1	ACE2
Splice-altering	1	ACER3
Splice-altering	1	ACIN1
Splice-altering	1	ACO1
Splice-altering	1	ACOT12
Splice-altering	1	ACOT13
Splice-altering	1	ACOT7
Splice-altering	1	ACOT8
Splice-altering	1	ACOX2
Splice-altering	1	ACOX3
Splice-altering	1	ACOXL
Splice-altering	1	ACP2
Splice-altering	1	ACP3
Splice-altering	1	ACSBG1
Splice-altering	1	ACSL4
Splice-altering	1	ACSL5
Splice-altering	1	ACSM1
Splice-altering	1	ACSM2A
Splice-altering	1	ACSS1
Splice-altering	1	ACTL6A
Splice-altering	1	ACTN3
Splice-altering	1	ACTR10
Splice-altering	1	ACTR1A
Splice-altering	1	ACTR3
Splice-altering	1	ACVR1
Splice-altering	1	ACVR2A
Splice-altering	1	ADA
Splice-altering	1	ADAM12
Splice-altering	1	ADAM15
Splice-altering	1	ADAM22
Splice-altering	1	ADAM23
Splice-altering	1	ADAM28
Splice-altering	1	ADAM9
Splice-altering	1	ADAMDEC1
Splice-altering	1	ADAMTS13
Splice-altering	1	ADAMTS17
Splice-altering	1	ADAMTS20
Splice-altering	1	ADAMTS4
Splice-altering	1	ADAMTS7
Splice-altering	1	ADAMTSL2
Splice-altering	1	ADAMTSL4
Splice-altering	1	ADCK1
Splice-altering	1	ADCY1
Splice-altering	1	ADCY3
Splice-altering	1	ADCY7
Splice-altering	1	ADGRB1
Splice-altering	1	ADGRE5
Splice-altering	1	ADGRF5
Splice-altering	1	ADGRG6
Splice-altering	1	ADH1B
Splice-altering	1	ADHFE1
Splice-altering	1	ADIPOR2
Splice-altering	1	ADISSP
Splice-altering	1	ADORA1
Splice-altering	1	ADPRS
Splice-altering	1	AEBP1
Splice-altering	1	AFAP1
Splice-altering	1	AFF2
Splice-altering	1	AFF4
Splice-altering	1	AGAP3
Splice-altering	1	AGFG1
Splice-altering	1	AGMAT
Splice-altering	1	AGO1
Splice-altering	1	AGPAT2
Splice-altering	1	AGPAT3
Splice-altering	1	AGPAT5
Splice-altering	1	AGT
Splice-altering	1	AGXT
Splice-altering	1	AHCYL2
Splice-altering	1	AHI1
Splice-altering	1	AHSA1
Splice-altering	1	AIG1
Splice-altering	1	AIMP1
Splice-altering	1	AJUBA
Splice-altering	1	AK1
Splice-altering	1	AK2
Splice-altering	1	AK3
Splice-altering	1	AK7
Splice-altering	1	AK9
Splice-altering	1	AKAP11
Splice-altering	1	AKAP13
Splice-altering	1	AKAP7
Splice-altering	1	AKNA
Splice-altering	1	AKR1B1
Splice-altering	1	AKR1C2
Splice-altering	1	AKR7A2
Splice-altering	1	ALAS1
Splice-altering	1	ALDH16A1
Splice-altering	1	ALDH1A3
Splice-altering	1	ALDH1L2
Splice-altering	1	ALDH3A2
Splice-altering	1	ALDH3B2
Splice-altering	1	ALDH4A1
Splice-altering	1	ALDH6A1
Splice-altering	1	ALDH9A1
Splice-altering	1	ALDOB
Splice-altering	1	ALG1
Splice-altering	1	ALG12
Splice-altering	1	ALG3
Splice-altering	1	ALG5
Splice-altering	1	ALG6
Splice-altering	1	ALG8
Splice-altering	1	ALKBH2
Splice-altering	1	ALKBH6
Splice-altering	1	ALOX15
Splice-altering	1	ALS2
Splice-altering	1	ALX3
Splice-altering	1	AMIGO3
Splice-altering	1	AMN
Splice-altering	1	AMTN
Splice-altering	1	AMZ2P1
Splice-altering	1	ANAPC15
Splice-altering	1	ANAPC7
Splice-altering	1	ANGPT1
Splice-altering	1	ANGPTL4
Splice-altering	1	ANKRA2
Splice-altering	1	ANKRD1
Splice-altering	1	ANKRD11
Splice-altering	1	ANKRD13B
Splice-altering	1	ANKRD13D
Splice-altering	1	ANKRD22
Splice-altering	1	ANKRD27
Splice-altering	1	ANKRD30A
Splice-altering	1	ANKRD30B
Splice-altering	1	ANKRD36B
Splice-altering	1	ANKRD42
Splice-altering	1	ANKRD52
Splice-altering	1	ANKRD54
Splice-altering	1	ANKRD6
Splice-altering	1	ANKUB1
Splice-altering	1	ANLN
Splice-altering	1	ANO1
Splice-altering	1	ANO10
Splice-altering	1	ANO2
Splice-altering	1	ANO3
Splice-altering	1	ANO5
Splice-altering	1	ANOS1
Splice-altering	1	ANPEP
Splice-altering	1	ANTXR2
Splice-altering	1	ANXA3
Splice-altering	1	ANXA4
Splice-altering	1	ANXA5
Splice-altering	1	ANXA6
Splice-altering	1	ANXA9
Splice-altering	1	AOPEP
Splice-altering	1	AP1M2
Splice-altering	1	AP1S2
Splice-altering	1	AP2S1
Splice-altering	1	AP5M1
Splice-altering	1	APAF1
Splice-altering	1	APBA1
Splice-altering	1	APBB1
Splice-altering	1	APIP
Splice-altering	1	APOA2
Splice-altering	1	APOBEC3D
Splice-altering	1	APOL1
Splice-altering	1	APOL2
Splice-altering	1	APOM
Splice-altering	1	APP
Splice-altering	1	AQP7P4
Splice-altering	1	ARCN1
Splice-altering	1	ARFGAP3
Splice-altering	1	ARFIP1
Splice-altering	1	ARFIP2
Splice-altering	1	ARG2
Splice-altering	1	ARGLU1
Splice-altering	1	ARHGAP1
Splice-altering	1	ARHGAP10
Splice-altering	1	ARHGAP11A
Splice-altering	1	ARHGAP11A-SCG5
Splice-altering	1	ARHGAP21
Splice-altering	1	ARHGAP23
Splice-altering	1	ARHGAP24
Splice-altering	1	ARHGAP26
Splice-altering	1	ARHGAP4
Splice-altering	1	ARHGAP44
Splice-altering	1	ARHGAP8
Splice-altering	1	ARHGDIA
Splice-altering	1	ARHGDIB
Splice-altering	1	ARHGEF10
Splice-altering	1	ARHGEF10L
Splice-altering	1	ARHGEF19
Splice-altering	1	ARHGEF40
Splice-altering	1	ARHGEF7
Splice-altering	1	ARID5A
Splice-altering	1	ARL10
Splice-altering	1	ARL3
Splice-altering	1	ARL8B
Splice-altering	1	ARMC3
Splice-altering	1	ARMC6
Splice-altering	1	ARMC9
Splice-altering	1	ARMH3
Splice-altering	1	ARNT2
Splice-altering	1	ARPC3P3
Splice-altering	1	ARPP19
Splice-altering	1	ARRB1
Splice-altering	1	ARRDC1
Splice-altering	1	ARSD
Splice-altering	1	ARSG
Splice-altering	1	AS3MT
Splice-altering	1	ASB1
Splice-altering	1	ASDURF
Splice-altering	1	ASH2L
Splice-altering	1	ASIC3
Splice-altering	1	ASNSD1
Splice-altering	1	ASPHD1
Splice-altering	1	ASTE1
Splice-altering	1	ASTN2
Splice-altering	1	ATAD3A
Splice-altering	1	ATAD5
Splice-altering	1	ATF1
Splice-altering	1	ATF6
Splice-altering	1	ATF7
Splice-altering	1	ATF7-NPFF
Splice-altering	1	ATG12
Splice-altering	1	ATG4D
Splice-altering	1	ATG5
Splice-altering	1	ATOX1
Splice-altering	1	ATP10B
Splice-altering	1	ATP10D
Splice-altering	1	ATP13A1
Splice-altering	1	ATP13A3
Splice-altering	1	ATP1B2
Splice-altering	1	ATP23
Splice-altering	1	ATP2B1
Splice-altering	1	ATP2B4
Splice-altering	1	ATP5IF1
Splice-altering	1	ATP5MC3
Splice-altering	1	ATP5ME
Splice-altering	1	ATP5MF
Splice-altering	1	ATP5MF-PTCD1
Splice-altering	1	ATP5MK
Splice-altering	1	ATP5PD
Splice-altering	1	ATP6V0A1
Splice-altering	1	ATP6V0A2
Splice-altering	1	ATP6V0D2
Splice-altering	1	ATP6V1C1
Splice-altering	1	ATP6V1G2-DDX39B
Splice-altering	1	ATP8A2
Splice-altering	1	ATRIP
Splice-altering	1	ATXN1L
Splice-altering	1	ATXN2
Splice-altering	1	ATXN2L
Splice-altering	1	ATXN7L3
Splice-altering	1	AUH
Splice-altering	1	AUNIP
Splice-altering	1	AURKAIP1
Splice-altering	1	AURKC
Splice-altering	1	AVL9
Splice-altering	1	B3GAT3
Splice-altering	1	B4GALNT2
Splice-altering	1	B4GALT3
Splice-altering	1	B4GALT5
Splice-altering	1	B4GALT6
Splice-altering	1	BABAM1
Splice-altering	1	BACE1
Splice-altering	1	BAD
Splice-altering	1	BAG6
Splice-altering	1	BAIAP2L1
Splice-altering	1	BAIAP2L2
Splice-altering	1	BANF1
Splice-altering	1	BAZ2B
Splice-altering	1	BBS4
Splice-altering	1	BBS7
Splice-altering	1	BBS9
Splice-altering	1	BCAR3
Splice-altering	1	BCAT1
Splice-altering	1	BCL2L1
Splice-altering	1	BCL2L13
Splice-altering	1	BCL2L14
Splice-altering	1	BCL7C
Splice-altering	1	BCS1L
Splice-altering	1	BECN1
Splice-altering	1	BEST3
Splice-altering	1	BICD1
Splice-altering	1	BICD2
Splice-altering	1	BICDL1
Splice-altering	1	BICDL2
Splice-altering	1	BICRA
Splice-altering	1	BLOC1S2
Splice-altering	1	BLTP3A
Splice-altering	1	BLVRA
Splice-altering	1	BMPR1B
Splice-altering	1	BMPR2
Splice-altering	1	BMS1P20
Splice-altering	1	BMT2
Splice-altering	1	BNC1
Splice-altering	1	BOC
Splice-altering	1	BOLL
Splice-altering	1	BORA
Splice-altering	1	BPIFB3
Splice-altering	1	BPNT1
Splice-altering	1	BPNT2
Splice-altering	1	BRAF
Splice-altering	1	BRAP
Splice-altering	1	BRCC3
Splice-altering	1	BRD1
Splice-altering	1	BRD2
Splice-altering	1	BRDT
Splice-altering	1	BRF2
Splice-altering	1	BRICD5
Splice-altering	1	BRINP3
Splice-altering	1	BRMS1
Splice-altering	1	BROX
Splice-altering	1	BRSK1
Splice-altering	1	BSCL2
Splice-altering	1	BTBD1
Splice-altering	1	BTF3
Splice-altering	1	BTN3A1
Splice-altering	1	BTN3A3
Splice-altering	1	BTNL12P
Splice-altering	1	BTRC
Splice-altering	1	BUB1B-PAK6
Splice-altering	1	BUB3
Splice-altering	1	BUD31
Splice-altering	1	BZW2
Splice-altering	1	C11orf52
Splice-altering	1	C12orf4
Splice-altering	1	C12orf43
Splice-altering	1	C12orf57
Splice-altering	1	C12orf75
Splice-altering	1	C14orf93
Splice-altering	1	C19orf12
Splice-altering	1	C19orf33
Splice-altering	1	C19orf53
Splice-altering	1	C1QBP
Splice-altering	1	C1QTNF3
Splice-altering	1	C1QTNF3-AMACR
Splice-altering	1	C1orf146
Splice-altering	1	C1orf52
Splice-altering	1	C1orf54
Splice-altering	1	C2
Splice-altering	1	C2CD2L
Splice-altering	1	C2CD5
Splice-altering	1	C2orf42
Splice-altering	1	C3orf49
Splice-altering	1	C5orf34
Splice-altering	1	C6orf118
Splice-altering	1	C6orf120
Splice-altering	1	C6orf58
Splice-altering	1	C6orf62
Splice-altering	1	C7
Splice-altering	1	C8orf76
Splice-altering	1	C9orf78
Splice-altering	1	CA13
Splice-altering	1	CA6
Splice-altering	1	CACNA1A
Splice-altering	1	CACNA1C
Splice-altering	1	CACNA1E
Splice-altering	1	CACNA1H
Splice-altering	1	CACNA1I
Splice-altering	1	CADM4
Splice-altering	1	CALB1
Splice-altering	1	CALCA
Splice-altering	1	CALCB
Splice-altering	1	CALM2
Splice-altering	1	CAMK1
Splice-altering	1	CAMKK1
Splice-altering	1	CAMTA1
Splice-altering	1	CANX
Splice-altering	1	CAPN13
Splice-altering	1	CAPN5
Splice-altering	1	CAPN9
Splice-altering	1	CARD14
Splice-altering	1	CASD1
Splice-altering	1	CASKIN2
Splice-altering	1	CASP10
Splice-altering	1	CASP4
Splice-altering	1	CASP7
Splice-altering	1	CASP8
Splice-altering	1	CASQ1
Splice-altering	1	CAT
Splice-altering	1	CBFA2T2
Splice-altering	1	CBLB
Splice-altering	1	CBLC
Splice-altering	1	CBLL1
Splice-altering	1	CBR1
Splice-altering	1	CBX4
Splice-altering	1	CBY1
Splice-altering	1	CC2D2A
Splice-altering	1	CCDC102B
Splice-altering	1	CCDC112
Splice-altering	1	CCDC113
Splice-altering	1	CCDC124
Splice-altering	1	CCDC137
Splice-altering	1	CCDC159
Splice-altering	1	CCDC171
Splice-altering	1	CCDC28A
Splice-altering	1	CCDC34
Splice-altering	1	CCDC59
Splice-altering	1	CCDC63
Splice-altering	1	CCDC69
Splice-altering	1	CCDC7
Splice-altering	1	CCDC86
Splice-altering	1	CCDC88A
Splice-altering	1	CCDC92
Splice-altering	1	CCDC93
Splice-altering	1	CCL28
Splice-altering	1	CCNA1
Splice-altering	1	CCNA2
Splice-altering	1	CCNB1IP1
Splice-altering	1	CCNC
Splice-altering	1	CCNE2
Splice-altering	1	CCNQ
Splice-altering	1	CCNT2
Splice-altering	1	CCNYL1
Splice-altering	1	CCPG1
Splice-altering	1	CCT5
Splice-altering	1	CCT6B
Splice-altering	1	CCT7
Splice-altering	1	CCZ1B
Splice-altering	1	CD151
Splice-altering	1	CD163L1
Splice-altering	1	CD276
Splice-altering	1	CD2AP
Splice-altering	1	CD33
Splice-altering	1	CD36
Splice-altering	1	CD40LG
Splice-altering	1	CD46
Splice-altering	1	CD53
Splice-altering	1	CD55
Splice-altering	1	CD63
Splice-altering	1	CD81
Splice-altering	1	CD82
Splice-altering	1	CDC14B
Splice-altering	1	CDC27
Splice-altering	1	CDC37
Splice-altering	1	CDC42BPA
Splice-altering	1	CDC42EP1
Splice-altering	1	CDC45
Splice-altering	1	CDCA7
Splice-altering	1	CDCA7L
Splice-altering	1	CDH11
Splice-altering	1	CDH17
Splice-altering	1	CDH22
Splice-altering	1	CDH26
Splice-altering	1	CDHR5
Splice-altering	1	CDK10
Splice-altering	1	CDK17
Splice-altering	1	CDK2
Splice-altering	1	CDK2AP2
Splice-altering	1	CDK5RAP1
Splice-altering	1	CDK8
Splice-altering	1	CDK9
Splice-altering	1	CDKN2B
Splice-altering	1	CDT1
Splice-altering	1	CEACAM1
Splice-altering	1	CEACAM6
Splice-altering	1	CEBPZ
Splice-altering	1	CEBPZOS
Splice-altering	1	CELSR1
Splice-altering	1	CENPF
Splice-altering	1	CENPH
Splice-altering	1	CENPL
Splice-altering	1	CENPM
Splice-altering	1	CENPN
Splice-altering	1	CENPT
Splice-altering	1	CEP104
Splice-altering	1	CEP128
Splice-altering	1	CEP131
Splice-altering	1	CEP170
Splice-altering	1	CEP170B
Splice-altering	1	CEP250
Splice-altering	1	CEP55
Splice-altering	1	CEP68
Splice-altering	1	CEP72
Splice-altering	1	CEP85
Splice-altering	1	CEP95
Splice-altering	1	CEPT1
Splice-altering	1	CERK
Splice-altering	1	CERNA1
Splice-altering	1	CERS3
Splice-altering	1	CERS6
Splice-altering	1	CES5A
Splice-altering	1	CETN2
Splice-altering	1	CFAP298-TCP10L
Splice-altering	1	CFAP36
Splice-altering	1	CFAP410
Splice-altering	1	CFAP44
Splice-altering	1	CFAP69
Splice-altering	1	CFAP73
Splice-altering	1	CFAP97
Splice-altering	1	CFDP1
Splice-altering	1	CFI
Splice-altering	1	CGAS
Splice-altering	1	CHCHD6
Splice-altering	1	CHCHD7
Splice-altering	1	CHD9
Splice-altering	1	CHEK1
Splice-altering	1	CHERP
Splice-altering	1	CHFR
Splice-altering	1	CHIC2
Splice-altering	1	CHKA
Splice-altering	1	CHMP1A
Splice-altering	1	CHMP2A
Splice-altering	1	CHMP3
Splice-altering	1	CHMP4B
Splice-altering	1	CHMP7
Splice-altering	1	CHN2
Splice-altering	1	CHRAC1
Splice-altering	1	CHRM5
Splice-altering	1	CHST8
Splice-altering	1	CHTOP
Splice-altering	1	CHURC1
Splice-altering	1	CIAO1
Splice-altering	1	CIAPIN1
Splice-altering	1	CIART
Splice-altering	1	CIBAR1
Splice-altering	1	CILP2
Splice-altering	1	CIRBP
Splice-altering	1	CISD2
Splice-altering	1	CKAP2L
Splice-altering	1	CKMT1B
Splice-altering	1	CLASP2
Splice-altering	1	CLCN2
Splice-altering	1	CLCN6
Splice-altering	1	CLDN10
Splice-altering	1	CLDN19
Splice-altering	1	CLDN4
Splice-altering	1	CLDND1
Splice-altering	1	CLEC16A
Splice-altering	1	CLEC4A
Splice-altering	1	CLGN
Splice-altering	1	CLHC1
Splice-altering	1	CLIC5
Splice-altering	1	CLIP1
Splice-altering	1	CLIP4
Splice-altering	1	CLK4
Splice-altering	1	CLN3
Splice-altering	1	CLNK
Splice-altering	1	CLOCK
Splice-altering	1	CLP1
Splice-altering	1	CLPB
Splice-altering	1	CLPP
Splice-altering	1	CLRN1
Splice-altering	1	CLSTN3
Splice-altering	1	CLTA
Splice-altering	1	CLYBL
Splice-altering	1	CMC2
Splice-altering	1	CMC4
Splice-altering	1	CMSS1
Splice-altering	1	CMTM3
Splice-altering	1	CMTM6
Splice-altering	1	CNBP
Splice-altering	1	CNGB3
Splice-altering	1	CNKSR2
Splice-altering	1	CNKSR3
Splice-altering	1	CNOT2
Splice-altering	1	CNOT6
Splice-altering	1	CNOT7
Splice-altering	1	CNPY3
Splice-altering	1	CNST
Splice-altering	1	CNTD1
Splice-altering	1	CNTN1
Splice-altering	1	COA1
Splice-altering	1	COA4
Splice-altering	1	COASY
Splice-altering	1	COG8
Splice-altering	1	COL17A1
Splice-altering	1	COL20A1
Splice-altering	1	COL4A6
Splice-altering	1	COLEC12
Splice-altering	1	COLGALT1
Splice-altering	1	COMETT
Splice-altering	1	COMMD6
Splice-altering	1	COPS6
Splice-altering	1	COPS7A
Splice-altering	1	COQ3
Splice-altering	1	COQ8B
Splice-altering	1	COX16
Splice-altering	1	COX6A1
Splice-altering	1	COX6B1
Splice-altering	1	COX7A2
Splice-altering	1	COX7B
Splice-altering	1	COX8A
Splice-altering	1	CPAMD8
Splice-altering	1	CPB1
Splice-altering	1	CPD
Splice-altering	1	CPE
Splice-altering	1	CPEB4
Splice-altering	1	CPED1
Splice-altering	1	CPLANE1
Splice-altering	1	CPSF3
Splice-altering	1	CPSF6
Splice-altering	1	CPSF7
Splice-altering	1	CPXM2
Splice-altering	1	CRABP1
Splice-altering	1	CRACD
Splice-altering	1	CRACDL
Splice-altering	1	CRADD
Splice-altering	1	CRAT
Splice-altering	1	CRCP
Splice-altering	1	CREB1
Splice-altering	1	CREB3L1
Splice-altering	1	CREB3L4
Splice-altering	1	CRELD1
Splice-altering	1	CRIP1
Splice-altering	1	CRIP2
Splice-altering	1	CRISPLD1
Splice-altering	1	CRLF1
Splice-altering	1	CRMP1
Splice-altering	1	CRNKL1
Splice-altering	1	CROCCP2
Splice-altering	1	CRTC3
Splice-altering	1	CRY2
Splice-altering	1	CRYBA1
Splice-altering	1	CRYBG1
Splice-altering	1	CRYZ
Splice-altering	1	CSAD
Splice-altering	1	CSMD1
Splice-altering	1	CSNK1A1
Splice-altering	1	CSNK1D
Splice-altering	1	CSRNP1
Splice-altering	1	CSRP3
Splice-altering	1	CST6
Splice-altering	1	CSTF2
Splice-altering	1	CTBP1
Splice-altering	1	CTBP2
Splice-altering	1	CTDNEP1
Splice-altering	1	CTDSP1
Splice-altering	1	CTDSP2
Splice-altering	1	CTHRC1
Splice-altering	1	CTNS
Splice-altering	1	CTSA
Splice-altering	1	CTSB
Splice-altering	1	CTSC
Splice-altering	1	CTSV
Splice-altering	1	CUL4A
Splice-altering	1	CWC15
Splice-altering	1	CWF19L1
Splice-altering	1	CXCL1
Splice-altering	1	CXXC1
Splice-altering	1	CYB561
Splice-altering	1	CYB5B
Splice-altering	1	CYB5D2
Splice-altering	1	CYB5R4
Splice-altering	1	CYBB
Splice-altering	1	CYBRD1
Splice-altering	1	CYFIP2
Splice-altering	1	CYGB
Splice-altering	1	CYP11A1
Splice-altering	1	CYP27A1
Splice-altering	1	CYP2C18
Splice-altering	1	CYP2R1
Splice-altering	1	CYP2S1
Splice-altering	1	CYP4A11
Splice-altering	1	CYP4F11
Splice-altering	1	CYP4F3
Splice-altering	1	CYP4X1
Splice-altering	1	CYRIA
Splice-altering	1	CYTH3
Splice-altering	1	D2HGDH
Splice-altering	1	DAAM1
Splice-altering	1	DACT1
Splice-altering	1	DAD1
Splice-altering	1	DAP3
Splice-altering	1	DAPP1
Splice-altering	1	DAZAP2
Splice-altering	1	DBF4
Splice-altering	1	DBNDD2
Splice-altering	1	DBNL
Splice-altering	1	DBT
Splice-altering	1	DCAF13
Splice-altering	1	DCAF4
Splice-altering	1	DCAF8
Splice-altering	1	DCBLD2
Splice-altering	1	DCK
Splice-altering	1	DCLK2
Splice-altering	1	DCLRE1C
Splice-altering	1	DCP1B
Splice-altering	1	DCTN4
Splice-altering	1	DCUN1D1
Splice-altering	1	DCXR
Splice-altering	1	DDB2
Splice-altering	1	DDHD1
Splice-altering	1	DDOST
Splice-altering	1	DDX10
Splice-altering	1	DDX11
Splice-altering	1	DDX18
Splice-altering	1	DDX20
Splice-altering	1	DDX21
Splice-altering	1	DDX39B
Splice-altering	1	DDX42
Splice-altering	1	DDX49
Splice-altering	1	DDX50
Splice-altering	1	DDX6
Splice-altering	1	DEF8
Splice-altering	1	DELE1
Splice-altering	1	DENND1B
Splice-altering	1	DENND2D
Splice-altering	1	DENND4A
Splice-altering	1	DENND4C
Splice-altering	1	DENND5B
Splice-altering	1	DENND6B
Splice-altering	1	DERL3
Splice-altering	1	DET1
Splice-altering	1	DFFA
Splice-altering	1	DGCR2
Splice-altering	1	DGCR6L
Splice-altering	1	DGCR8
Splice-altering	1	DGKD
Splice-altering	1	DHCR7
Splice-altering	1	DHFR
Splice-altering	1	DHODH
Splice-altering	1	DHRS1
Splice-altering	1	DHRS12
Splice-altering	1	DHRS2
Splice-altering	1	DHRSX
Splice-altering	1	DHX33
Splice-altering	1	DHX36
Splice-altering	1	DIRC3
Splice-altering	1	DIS3L
Splice-altering	1	DKC1
Splice-altering	1	DLC1
Splice-altering	1	DLEU2
Splice-altering	1	DLG2
Splice-altering	1	DLG4
Splice-altering	1	DLGAP4
Splice-altering	1	DLGAP5
Splice-altering	1	DLL3
Splice-altering	1	DMBT1
Splice-altering	1	DMC1
Splice-altering	1	DMTN
Splice-altering	1	DMXL1
Splice-altering	1	DMXL2
Splice-altering	1	DNA2
Splice-altering	1	DNAAF1
Splice-altering	1	DNAH1
Splice-altering	1	DNAH10
Splice-altering	1	DNAH10OS
Splice-altering	1	DNAH2
Splice-altering	1	DNAH3
Splice-altering	1	DNAH5
Splice-altering	1	DNAI3
Splice-altering	1	DNAJA1
Splice-altering	1	DNAJA2
Splice-altering	1	DNAJA4
Splice-altering	1	DNAJB11
Splice-altering	1	DNAJB2
Splice-altering	1	DNAJC1
Splice-altering	1	DNAJC15
Splice-altering	1	DNAJC2
Splice-altering	1	DNAJC21
Splice-altering	1	DNAJC24
Splice-altering	1	DNAJC4
Splice-altering	1	DNASE1
Splice-altering	1	DNASE1L1
Splice-altering	1	DNM1
Splice-altering	1	DNMBP
Splice-altering	1	DNPEP
Splice-altering	1	DOCK10
Splice-altering	1	DOCK3
Splice-altering	1	DOK1
Splice-altering	1	DOK4
Splice-altering	1	DOK5
Splice-altering	1	DOLPP1
Splice-altering	1	DPAGT1
Splice-altering	1	DPCD
Splice-altering	1	DPH5
Splice-altering	1	DPH6
Splice-altering	1	DPP4
Splice-altering	1	DPPA2
Splice-altering	1	DPY19L1
Splice-altering	1	DPYS
Splice-altering	1	DPYSL2
Splice-altering	1	DRD2
Splice-altering	1	DTL
Splice-altering	1	DTX2P1-UPK3BP1-PMS2P11
Splice-altering	1	DTX3
Splice-altering	1	DTX4
Splice-altering	1	DUOX1
Splice-altering	1	DUOX2
Splice-altering	1	DUS3L
Splice-altering	1	DUS4L
Splice-altering	1	DUS4L-BCAP29
Splice-altering	1	DUSP1
Splice-altering	1	DUSP11
Splice-altering	1	DUSP3
Splice-altering	1	DUT
Splice-altering	1	DVL1
Splice-altering	1	DYNC1LI1
Splice-altering	1	DYNC1LI2
Splice-altering	1	DYNC2LI1
Splice-altering	1	DYNLL2
Splice-altering	1	DYNLT2
Splice-altering	1	DYNLT3
Splice-altering	1	DYRK4
Splice-altering	1	DZIP1
Splice-altering	1	E2F1
Splice-altering	1	E2F4
Splice-altering	1	E2F7
Splice-altering	1	EAPP
Splice-altering	1	EARS2
Splice-altering	1	EBAG9
Splice-altering	1	EBP
Splice-altering	1	ECH1
Splice-altering	1	ECHDC1
Splice-altering	1	ECHDC3
Splice-altering	1	ECHS1
Splice-altering	1	ECI1
Splice-altering	1	ECI2
Splice-altering	1	EDA
Splice-altering	1	EDEM2
Splice-altering	1	EDN1
Splice-altering	1	EEF1A1
Splice-altering	1	EEF1A1P31
Splice-altering	1	EEF1AKMT1
Splice-altering	1	EEF1B2
Splice-altering	1	EEF2K
Splice-altering	1	EEFSEC
Splice-altering	1	EFHD1
Splice-altering	1	EFNB3
Splice-altering	1	EFS
Splice-altering	1	EHF
Splice-altering	1	EHHADH
Splice-altering	1	EI24
Splice-altering	1	EIF2AK2
Splice-altering	1	EIF2AK3
Splice-altering	1	EIF2D
Splice-altering	1	EIF2S2
Splice-altering	1	EIF3A
Splice-altering	1	EIF3C
Splice-altering	1	EIF3E
Splice-altering	1	EIF4B
Splice-altering	1	EIF4E
Splice-altering	1	EIF4EBP3
Splice-altering	1	EIF4ENIF1
Splice-altering	1	EIPR1
Splice-altering	1	ELAPOR2
Splice-altering	1	ELF1
Splice-altering	1	ELK4
Splice-altering	1	ELL
Splice-altering	1	ELL3
Splice-altering	1	ELMO1
Splice-altering	1	ELOC
Splice-altering	1	ELOF1
Splice-altering	1	ELOVL7
Splice-altering	1	ELP3
Splice-altering	1	ELP6
Splice-altering	1	EMC3
Splice-altering	1	EMC8
Splice-altering	1	EMC9
Splice-altering	1	EMILIN1
Splice-altering	1	ENC1
Splice-altering	1	ENO1
Splice-altering	1	ENO2
Splice-altering	1	ENOPH1
Splice-altering	1	ENPP1
Splice-altering	1	ENSA
Splice-altering	1	ENTHD1
Splice-altering	1	ENTPD5
Splice-altering	1	ENTPD6
Splice-altering	1	ENTREP2
Splice-altering	1	ENY2
Splice-altering	1	EOLA2
Splice-altering	1	EPAS1
Splice-altering	1	EPB41L2
Splice-altering	1	EPB41L4A
Splice-altering	1	EPB41L5
Splice-altering	1	EPC1
Splice-altering	1	EPC2
Splice-altering	1	EPHA1
Splice-altering	1	EPHA3
Splice-altering	1	EPHB1
Splice-altering	1	EPHB3
Splice-altering	1	EPHB6
Splice-altering	1	EPS8L2
Splice-altering	1	EPS8L3
Splice-altering	1	EPSTI1
Splice-altering	1	ERAL1
Splice-altering	1	ERAP2
Splice-altering	1	ERBB3
Splice-altering	1	ERBB4
Splice-altering	1	ERC1
Splice-altering	1	ERCC3
Splice-altering	1	ERCC8
Splice-altering	1	EREG
Splice-altering	1	ERF
Splice-altering	1	ERGIC2
Splice-altering	1	ERI1
Splice-altering	1	ERLIN2
Splice-altering	1	ERN1
Splice-altering	1	ERO1B
Splice-altering	1	ESD
Splice-altering	1	ESRP1
Splice-altering	1	ESRP2
Splice-altering	1	ESYT3
Splice-altering	1	ETF1
Splice-altering	1	ETFA
Splice-altering	1	ETFDH
Splice-altering	1	ETHE1
Splice-altering	1	ETNK1
Splice-altering	1	ETNK2
Splice-altering	1	ETS1
Splice-altering	1	ETS2
Splice-altering	1	ETV5
Splice-altering	1	ETV7
Splice-altering	1	EVA1C
Splice-altering	1	EVC
Splice-altering	1	EVC2
Splice-altering	1	EXD3
Splice-altering	1	EXOC3
Splice-altering	1	EXOSC3
Splice-altering	1	EXOSC5
Splice-altering	1	EXOSC6
Splice-altering	1	EXT1
Splice-altering	1	EYA1
Splice-altering	1	EZH2
Splice-altering	1	EZR
Splice-altering	1	F13A1
Splice-altering	1	FAAH
Splice-altering	1	FADS1
Splice-altering	1	FADS2
Splice-altering	1	FAF2
Splice-altering	1	FAHD1
Splice-altering	1	FAIM
Splice-altering	1	FAM111A
Splice-altering	1	FAM114A1
Splice-altering	1	FAM114A2
Splice-altering	1	FAM117A
Splice-altering	1	FAM118A
Splice-altering	1	FAM120A
Splice-altering	1	FAM120AOS
Splice-altering	1	FAM120B
Splice-altering	1	FAM120C
Splice-altering	1	FAM131C
Splice-altering	1	FAM133B
Splice-altering	1	FAM13A
Splice-altering	1	FAM149A
Splice-altering	1	FAM168A
Splice-altering	1	FAM169A
Splice-altering	1	FAM171B
Splice-altering	1	FAM174A
Splice-altering	1	FAM177B
Splice-altering	1	FAM199X
Splice-altering	1	FAM204A
Splice-altering	1	FAM209A
Splice-altering	1	FAM20B
Splice-altering	1	FAM20C
Splice-altering	1	FAM241B
Splice-altering	1	FAM3A
Splice-altering	1	FAM3C
Splice-altering	1	FAM81A
Splice-altering	1	FAM83A
Splice-altering	1	FAM83D
Splice-altering	1	FAM83H
Splice-altering	1	FAM98C
Splice-altering	1	FAM9B
Splice-altering	1	FANCD2OS
Splice-altering	1	FANCM
Splice-altering	1	FAR1
Splice-altering	1	FAR2
Splice-altering	1	FASTK
Splice-altering	1	FASTKD3
Splice-altering	1	FBF1
Splice-altering	1	FBH1
Splice-altering	1	FBL
Splice-altering	1	FBRS
Splice-altering	1	FBXL19
Splice-altering	1	FBXL4
Splice-altering	1	FBXL5
Splice-altering	1	FBXL6
Splice-altering	1	FBXL7
Splice-altering	1	FBXO22
Splice-altering	1	FBXO25
Splice-altering	1	FBXO32
Splice-altering	1	FBXO41
Splice-altering	1	FBXO42
Splice-altering	1	FBXO5
Splice-altering	1	FBXW2
Splice-altering	1	FBXW4
Splice-altering	1	FCER1G
Splice-altering	1	FCHO1
Splice-altering	1	FDPS
Splice-altering	1	FDXR
Splice-altering	1	FER1L6
Splice-altering	1	FERMT2
Splice-altering	1	FGA
Splice-altering	1	FGB
Splice-altering	1	FGD1
Splice-altering	1	FGD4
Splice-altering	1	FGD6
Splice-altering	1	FGF12
Splice-altering	1	FGF14
Splice-altering	1	FGFR3
Splice-altering	1	FGFR4
Splice-altering	1	FGG
Splice-altering	1	FHL3
Splice-altering	1	FHOD3
Splice-altering	1	FIBP
Splice-altering	1	FIG4
Splice-altering	1	FIS1
Splice-altering	1	FKBP2
Splice-altering	1	FKBP5
Splice-altering	1	FLCN
Splice-altering	1	FLII
Splice-altering	1	FLNC
Splice-altering	1	FLOT2
Splice-altering	1	FLVCR1
Splice-altering	1	FLYWCH1
Splice-altering	1	FMC1-LUC7L2
Splice-altering	1	FMN1
Splice-altering	1	FN3KRP
Splice-altering	1	FNBP1L
Splice-altering	1	FNDC3B
Splice-altering	1	FNIP2
Splice-altering	1	FNTA
Splice-altering	1	FOLH1
Splice-altering	1	FOXJ3
Splice-altering	1	FOXN2
Splice-altering	1	FOXP2
Splice-altering	1	FPGS
Splice-altering	1	FPGT-TNNI3K
Splice-altering	1	FRAS1
Splice-altering	1	FREM2
Splice-altering	1	FRG1HP
Splice-altering	1	FRRS1
Splice-altering	1	FRS2
Splice-altering	1	FSCN1
Splice-altering	1	FSCN2
Splice-altering	1	FST
Splice-altering	1	FSTL1
Splice-altering	1	FSTL4
Splice-altering	1	FTCD
Splice-altering	1	FUCA1
Splice-altering	1	FUCA2
Splice-altering	1	FXYD3
Splice-altering	1	FXYD6
Splice-altering	1	FXYD6-FXYD2
Splice-altering	1	G3BP1
Splice-altering	1	G6PD
Splice-altering	1	GAB2
Splice-altering	1	GABBR2
Splice-altering	1	GABRA3
Splice-altering	1	GABRB3
Splice-altering	1	GADD45A
Splice-altering	1	GALE
Splice-altering	1	GALNT11
Splice-altering	1	GALNT6
Splice-altering	1	GAMT
Splice-altering	1	GANAB
Splice-altering	1	GANC
Splice-altering	1	GAS2L1
Splice-altering	1	GAS5
Splice-altering	1	GAS7
Splice-altering	1	GATA1
Splice-altering	1	GATA2
Splice-altering	1	GATAD2A
Splice-altering	1	GATD1
Splice-altering	1	GATD3
Splice-altering	1	GBA1
Splice-altering	1	GBP1
Splice-altering	1	GBP3
Splice-altering	1	GBP5
Splice-altering	1	GBP6
Splice-altering	1	GC
Splice-altering	1	GCC2
Splice-altering	1	GCFC2
Splice-altering	1	GCKR
Splice-altering	1	GCNT7
Splice-altering	1	GDA
Splice-altering	1	GDAP1
Splice-altering	1	GDAP2
Splice-altering	1	GDE1
Splice-altering	1	GDF9
Splice-altering	1	GDI2
Splice-altering	1	GDPD3
Splice-altering	1	GDPD4
Splice-altering	1	GDPD5
Splice-altering	1	GEMIN6
Splice-altering	1	GEMIN8
Splice-altering	1	GEN1
Splice-altering	1	GET1
Splice-altering	1	GET1-SH3BGR
Splice-altering	1	GFAP
Splice-altering	1	GFPT2
Splice-altering	1	GGH
Splice-altering	1	GGPS1
Splice-altering	1	GGT1
Splice-altering	1	GHDC
Splice-altering	1	GID8
Splice-altering	1	GIGYF1
Splice-altering	1	GINM1
Splice-altering	1	GIPC1
Splice-altering	1	GIPC2
Splice-altering	1	GIT1
Splice-altering	1	GLA
Splice-altering	1	GLB1L
Splice-altering	1	GLB1L3
Splice-altering	1	GLCCI1
Splice-altering	1	GLDC
Splice-altering	1	GLI3
Splice-altering	1	GLI4
Splice-altering	1	GLIPR2
Splice-altering	1	GLIS2
Splice-altering	1	GLO1
Splice-altering	1	GLRA2
Splice-altering	1	GLS
Splice-altering	1	GMDS
Splice-altering	1	GMEB2
Splice-altering	1	GMFB
Splice-altering	1	GMIP
Splice-altering	1	GMNN
Splice-altering	1	GMPPA
Splice-altering	1	GNA11
Splice-altering	1	GNA14
Splice-altering	1	GNAI3
Splice-altering	1	GNB2
Splice-altering	1	GNB3
Splice-altering	1	GNB4
Splice-altering	1	GNE
Splice-altering	1	GNG4
Splice-altering	1	GNGT1
Splice-altering	1	GNL2
Splice-altering	1	GNPDA1
Splice-altering	1	GNPDA2
Splice-altering	1	GNPTAB
Splice-altering	1	GNPTG
Splice-altering	1	GNS
Splice-altering	1	GOLGA3
Splice-altering	1	GOLGA4
Splice-altering	1	GOLGA5
Splice-altering	1	GOLM2
Splice-altering	1	GON4L
Splice-altering	1	GORAB
Splice-altering	1	GOSR2
Splice-altering	1	GOT1
Splice-altering	1	GOT2
Splice-altering	1	GP2
Splice-altering	1	GPA33
Splice-altering	1	GPALPP1
Splice-altering	1	GPAT3
Splice-altering	1	GPBP1
Splice-altering	1	GPC3
Splice-altering	1	GPD2
Splice-altering	1	GPKOW
Splice-altering	1	GPM6B
Splice-altering	1	GPN3
Splice-altering	1	GPNMB
Splice-altering	1	GPR137B
Splice-altering	1	GPR155
Splice-altering	1	GPR162
Splice-altering	1	GPR179
Splice-altering	1	GPRC5B
Splice-altering	1	GPT2
Splice-altering	1	GRAMD4
Splice-altering	1	GRB10
Splice-altering	1	GREB1
Splice-altering	1	GRIA3
Splice-altering	1	GRIA4
Splice-altering	1	GRIK4
Splice-altering	1	GRINA
Splice-altering	1	GRK3
Splice-altering	1	GRK6
Splice-altering	1	GRN
Splice-altering	1	GRPEL1
Splice-altering	1	GRSF1
Splice-altering	1	GRTP1
Splice-altering	1	GRWD1
Splice-altering	1	GSDMB
Splice-altering	1	GSDMD
Splice-altering	1	GSG1L
Splice-altering	1	GSK3A
Splice-altering	1	GSK3B
Splice-altering	1	GSN
Splice-altering	1	GSPT1
Splice-altering	1	GSTA2
Splice-altering	1	GSTM2
Splice-altering	1	GSTM3
Splice-altering	1	GSTM4
Splice-altering	1	GSTO1
Splice-altering	1	GTDC1
Splice-altering	1	GTF2A1
Splice-altering	1	GTF2B
Splice-altering	1	GTF2H2C
Splice-altering	1	GTPBP1
Splice-altering	1	GTPBP2
Splice-altering	1	GTPBP3
Splice-altering	1	GUCY2C
Splice-altering	1	GUCY2D
Splice-altering	1	GUSB
Splice-altering	1	GUSBP1
Splice-altering	1	GXYLT1
Splice-altering	1	GYG1
Splice-altering	1	GYG2P1
Splice-altering	1	H19
Splice-altering	1	H2BC4
Splice-altering	1	H3-3B
Splice-altering	1	HACD3
Splice-altering	1	HACE1
Splice-altering	1	HADHA
Splice-altering	1	HAP1
Splice-altering	1	HAT1
Splice-altering	1	HAUS1
Splice-altering	1	HAUS5
Splice-altering	1	HAUS7
Splice-altering	1	HAUS8
Splice-altering	1	HBS1L
Splice-altering	1	HDAC10
Splice-altering	1	HDAC11
Splice-altering	1	HDAC3
Splice-altering	1	HDAC4
Splice-altering	1	HDDC2
Splice-altering	1	HDGF
Splice-altering	1	HDLBP
Splice-altering	1	HECTD4
Splice-altering	1	HEG1
Splice-altering	1	HELLS
Splice-altering	1	HELZ2
Splice-altering	1	HEPH
Splice-altering	1	HERPUD1
Splice-altering	1	HERPUD2
Splice-altering	1	HEXB
Splice-altering	1	HEXD
Splice-altering	1	HEYL
Splice-altering	1	HFE
Splice-altering	1	HHIPL2
Splice-altering	1	HIBADH
Splice-altering	1	HIBCH
Splice-altering	1	HIKESHI
Splice-altering	1	HINFP
Splice-altering	1	HINT2
Splice-altering	1	HIP1R
Splice-altering	1	HIPK3
Splice-altering	1	HJURP
Splice-altering	1	HK1
Splice-altering	1	HK2
Splice-altering	1	HLA-DQB1
Splice-altering	1	HLA-DRA
Splice-altering	1	HLA-DRB1
Splice-altering	1	HLF
Splice-altering	1	HMGB1
Splice-altering	1	HMGB2
Splice-altering	1	HMGCL
Splice-altering	1	HMGCS1
Splice-altering	1	HMGXB3
Splice-altering	1	HMOX2
Splice-altering	1	HNF1B
Splice-altering	1	HNF4A
Splice-altering	1	HNRNPUL1
Splice-altering	1	HOMER1
Splice-altering	1	HOMER3
Splice-altering	1	HOOK1
Splice-altering	1	HOOK2
Splice-altering	1	HOXC4
Splice-altering	1	HOXC6
Splice-altering	1	HPCAL1
Splice-altering	1	HPF1
Splice-altering	1	HPS5
Splice-altering	1	HROB
Splice-altering	1	HS2ST1
Splice-altering	1	HSD17B12
Splice-altering	1	HSD17B3
Splice-altering	1	HSD17B7
Splice-altering	1	HSD17B7P2
Splice-altering	1	HSD17B8
Splice-altering	1	HSD3B7
Splice-altering	1	HSF4
Splice-altering	1	HSPA14
Splice-altering	1	HSPA4L
Splice-altering	1	HSPB1
Splice-altering	1	HSPB2-C11orf52
Splice-altering	1	HSPH1
Splice-altering	1	HYAL4
Splice-altering	1	HYCC1
Splice-altering	1	HYDIN
Splice-altering	1	HYI
Splice-altering	1	IARS2
Splice-altering	1	IBTK
Splice-altering	1	ICAM2
Splice-altering	1	ICAM5
Splice-altering	1	IDE
Splice-altering	1	IDI1
Splice-altering	1	IDO1
Splice-altering	1	IER3IP1
Splice-altering	1	IFI30
Splice-altering	1	IFI35
Splice-altering	1	IFI44
Splice-altering	1	IFI44L
Splice-altering	1	IFI6
Splice-altering	1	IFITM1
Splice-altering	1	IFNGR1
Splice-altering	1	IFNGR2
Splice-altering	1	IFT140
Splice-altering	1	IFT88
Splice-altering	1	IGF1R
Splice-altering	1	IGF2BP1
Splice-altering	1	IGF2BP2
Splice-altering	1	IGF2BP3
Splice-altering	1	IGFBP4
Splice-altering	1	IGFBPL1
Splice-altering	1	IGLC2
Splice-altering	1	IGLL5
Splice-altering	1	IGSF8
Splice-altering	1	IGSF9B
Splice-altering	1	IKBKG
Splice-altering	1	IKZF1
Splice-altering	1	IKZF2
Splice-altering	1	IL11RA
Splice-altering	1	IL15
Splice-altering	1	IL16
Splice-altering	1	IL17RC
Splice-altering	1	IL18BP
Splice-altering	1	IL18R1
Splice-altering	1	IL1R1
Splice-altering	1	IL20RA
Splice-altering	1	IL32
Splice-altering	1	IL6R
Splice-altering	1	IMMP2L
Splice-altering	1	IMMT
Splice-altering	1	IMPA2
Splice-altering	1	IMPDH2
Splice-altering	1	INAVA
Splice-altering	1	ING4
Splice-altering	1	INMT-MINDY4
Splice-altering	1	INO80
Splice-altering	1	INO80B
Splice-altering	1	INO80C
Splice-altering	1	INPP5D
Splice-altering	1	INPP5F
Splice-altering	1	INSIG2
Splice-altering	1	INSL6
Splice-altering	1	INTS13
Splice-altering	1	INTS4
Splice-altering	1	INTS6L
Splice-altering	1	INTS7
Splice-altering	1	INTS9
Splice-altering	1	INTU
Splice-altering	1	IPP
Splice-altering	1	IQCA1
Splice-altering	1	IQCB1
Splice-altering	1	IQCD
Splice-altering	1	IQCF1
Splice-altering	1	IQSEC2
Splice-altering	1	IRAK2
Splice-altering	1	IRAK4
Splice-altering	1	IREB2
Splice-altering	1	IRF1
Splice-altering	1	IRF9
Splice-altering	1	IRGM
Splice-altering	1	ISCU
Splice-altering	1	ISG20L2
Splice-altering	1	ISOC1
Splice-altering	1	ITGA1
Splice-altering	1	ITGAE
Splice-altering	1	ITGB7
Splice-altering	1	ITGBL1
Splice-altering	1	ITIH5
Splice-altering	1	ITLN1
Splice-altering	1	ITM2B
Splice-altering	1	ITPKB
Splice-altering	1	ITPR1
Splice-altering	1	ITPRID1
Splice-altering	1	ITSN1
Splice-altering	1	JADE3
Splice-altering	1	JMJD4
Splice-altering	1	JMJD7
Splice-altering	1	JMJD7-PLA2G4B
Splice-altering	1	JMJD8
Splice-altering	1	JOSD2
Splice-altering	1	JPT2
Splice-altering	1	KARS1
Splice-altering	1	KAT2B
Splice-altering	1	KAT5
Splice-altering	1	KAT6B
Splice-altering	1	KAT7
Splice-altering	1	KATNAL2
Splice-altering	1	KAZALD1
Splice-altering	1	KBTBD11-OT1
Splice-altering	1	KCMF1
Splice-altering	1	KCNAB2
Splice-altering	1	KCNC4
Splice-altering	1	KCNH2
Splice-altering	1	KCNH3
Splice-altering	1	KCNK1
Splice-altering	1	KCNMA1
Splice-altering	1	KCNMB4
Splice-altering	1	KCTD10
Splice-altering	1	KCTD13
Splice-altering	1	KCTD2
Splice-altering	1	KCTD3
Splice-altering	1	KCTD9
Splice-altering	1	KDM3A
Splice-altering	1	KDM4C
Splice-altering	1	KDR
Splice-altering	1	KEL
Splice-altering	1	KHDRBS1
Splice-altering	1	KIAA0586
Splice-altering	1	KIAA1191
Splice-altering	1	KIAA1328
Splice-altering	1	KIF14
Splice-altering	1	KIF18A
Splice-altering	1	KIF1A
Splice-altering	1	KIF20A
Splice-altering	1	KIF21B
Splice-altering	1	KIF23
Splice-altering	1	KIF2C
Splice-altering	1	KIF4A
Splice-altering	1	KIF9
Splice-altering	1	KIFC1
Splice-altering	1	KIT
Splice-altering	1	KLC3
Splice-altering	1	KLF10
Splice-altering	1	KLF12
Splice-altering	1	KLF4
Splice-altering	1	KLHDC10
Splice-altering	1	KLHL1
Splice-altering	1	KLHL12
Splice-altering	1	KLHL17
Splice-altering	1	KLHL18
Splice-altering	1	KLHL2
Splice-altering	1	KLHL9
Splice-altering	1	KLRA1P
Splice-altering	1	KLRC2
Splice-altering	1	KLRC3
Splice-altering	1	KNL1
Splice-altering	1	KPNA1
Splice-altering	1	KPNA2
Splice-altering	1	KPTN
Splice-altering	1	KREMEN1
Splice-altering	1	KRT14
Splice-altering	1	KRT15
Splice-altering	1	KRT18
Splice-altering	1	KRT18P48
Splice-altering	1	KRT76
Splice-altering	1	KSR1
Splice-altering	1	L3HYPDH
Splice-altering	1	L3MBTL3
Splice-altering	1	L3MBTL4
Splice-altering	1	LACTB
Splice-altering	1	LACTB2
Splice-altering	1	LAD1
Splice-altering	1	LAMA4
Splice-altering	1	LAMC2
Splice-altering	1	LAMTOR5
Splice-altering	1	LANCL2
Splice-altering	1	LAP3
Splice-altering	1	LAPTM4A
Splice-altering	1	LARGE1
Splice-altering	1	LARGE2
Splice-altering	1	LARP1B
Splice-altering	1	LARP4B
Splice-altering	1	LARS2
Splice-altering	1	LAS1L
Splice-altering	1	LASP1
Splice-altering	1	LASTR
Splice-altering	1	LBH
Splice-altering	1	LBHD1
Splice-altering	1	LCK
Splice-altering	1	LCMT1
Splice-altering	1	LCT
Splice-altering	1	LDHA
Splice-altering	1	LDHC
Splice-altering	1	LDLRAD3
Splice-altering	1	LEMD3
Splice-altering	1	LENG1
Splice-altering	1	LETM1
Splice-altering	1	LETM2
Splice-altering	1	LFNG
Splice-altering	1	LGALS3
Splice-altering	1	LGALS9
Splice-altering	1	LGALSL
Splice-altering	1	LGMN
Splice-altering	1	LGR4
Splice-altering	1	LGR6
Splice-altering	1	LIMK1
Splice-altering	1	LINS1
Splice-altering	1	LIPK
Splice-altering	1	LMBR1L
Splice-altering	1	LMBRD2
Splice-altering	1	LMF2
Splice-altering	1	LMO7
Splice-altering	1	LONP2
Splice-altering	1	LONRF3
Splice-altering	1	LOX
Splice-altering	1	LOXL1
Splice-altering	1	LOXL2
Splice-altering	1	LOXL3
Splice-altering	1	LPCAT1
Splice-altering	1	LPGAT1
Splice-altering	1	LRCH3
Splice-altering	1	LRIG1
Splice-altering	1	LRP6
Splice-altering	1	LRP8
Splice-altering	1	LRRC1
Splice-altering	1	LRRC40
Splice-altering	1	LRRC42
Splice-altering	1	LRRC45
Splice-altering	1	LRRC47
Splice-altering	1	LRRC59
Splice-altering	1	LRRK1
Splice-altering	1	LRSAM1
Splice-altering	1	LSM11
Splice-altering	1	LSM14A
Splice-altering	1	LSM14B
Splice-altering	1	LSM4
Splice-altering	1	LSM5
Splice-altering	1	LTA4H
Splice-altering	1	LTBR
Splice-altering	1	LTO1
Splice-altering	1	LUC7L2
Splice-altering	1	LUCAT1
Splice-altering	1	LUZP1
Splice-altering	1	LUZP2
Splice-altering	1	LY75
Splice-altering	1	LY75-CD302
Splice-altering	1	LYN
Splice-altering	1	LYPD4
Splice-altering	1	LYPLA1
Splice-altering	1	LYPLA2
Splice-altering	1	LYRM2
Splice-altering	1	LZIC
Splice-altering	1	LZTFL1
Splice-altering	1	MACC1
Splice-altering	1	MACROD2
Splice-altering	1	MACROH2A1
Splice-altering	1	MAF1
Splice-altering	1	MAGEA9B
Splice-altering	1	MAGED2
Splice-altering	1	MAGI1
Splice-altering	1	MAGT1
Splice-altering	1	MAK16
Splice-altering	1	MALL
Splice-altering	1	MALSU1
Splice-altering	1	MAMDC4
Splice-altering	1	MAN1A2
Splice-altering	1	MAN2B2
Splice-altering	1	MAN2C1
Splice-altering	1	MANBA
Splice-altering	1	MANEA
Splice-altering	1	MAOA
Splice-altering	1	MAP1B
Splice-altering	1	MAP1LC3A
Splice-altering	1	MAP1S
Splice-altering	1	MAP2K1
Splice-altering	1	MAP2K5
Splice-altering	1	MAP3K14
Splice-altering	1	MAP3K2
Splice-altering	1	MAP3K3
Splice-altering	1	MAP4K5
Splice-altering	1	MAP7
Splice-altering	1	MAP7D2
Splice-altering	1	MAP9
Splice-altering	1	MAPK1
Splice-altering	1	MAPK3
Splice-altering	1	MAPK6
Splice-altering	1	MAPK8
Splice-altering	1	MAPKAP1
Splice-altering	1	MAPKBP1
Splice-altering	1	MAPRE1
Splice-altering	1	MARCHF5
Splice-altering	1	MARCHF9
Splice-altering	1	MARK1
Splice-altering	1	MAST3
Splice-altering	1	MAST4
Splice-altering	1	MASTL
Splice-altering	1	MAVS
Splice-altering	1	MAX
Splice-altering	1	MBD2
Splice-altering	1	MBD5
Splice-altering	1	MBOAT2
Splice-altering	1	MBOAT7
Splice-altering	1	MCC
Splice-altering	1	MCCC1
Splice-altering	1	MCF2L
Splice-altering	1	MCM3
Splice-altering	1	MCM4
Splice-altering	1	MCM8
Splice-altering	1	MCUB
Splice-altering	1	MDM1
Splice-altering	1	MDN1
Splice-altering	1	MECOM
Splice-altering	1	MED1
Splice-altering	1	MED10
Splice-altering	1	MED14
Splice-altering	1	MED18
Splice-altering	1	MED21
Splice-altering	1	MED25
Splice-altering	1	MED26
Splice-altering	1	MEF2D
Splice-altering	1	MEGF10
Splice-altering	1	MEIOB
Splice-altering	1	MELK
Splice-altering	1	MEMO1
Splice-altering	1	METRNL
Splice-altering	1	METTL14
Splice-altering	1	METTL21A
Splice-altering	1	METTL26
Splice-altering	1	METTL6
Splice-altering	1	METTL9
Splice-altering	1	MFAP1
Splice-altering	1	MFAP5
Splice-altering	1	MFF
Splice-altering	1	MFHAS1
Splice-altering	1	MFSD11
Splice-altering	1	MFSD2A
Splice-altering	1	MFSD3
Splice-altering	1	MFSD4B
Splice-altering	1	MGAM
Splice-altering	1	MGAT4A
Splice-altering	1	MGAT5
Splice-altering	1	MGST1
Splice-altering	1	MGST2
Splice-altering	1	MGST3
Splice-altering	1	MIB2
Splice-altering	1	MICAL1
Splice-altering	1	MICALL2
Splice-altering	1	MICB
Splice-altering	1	MIEF2
Splice-altering	1	MIEN1
Splice-altering	1	MIER2
Splice-altering	1	MIF4GD
Splice-altering	1	MIGA1
Splice-altering	1	MINDY4
Splice-altering	1	MIOS
Splice-altering	1	MIP
Splice-altering	1	MIPOL1
Splice-altering	1	MKNK1
Splice-altering	1	MKS1
Splice-altering	1	MLEC
Splice-altering	1	MLF1
Splice-altering	1	MLLT6
Splice-altering	1	MLX
Splice-altering	1	MLXIP
Splice-altering	1	MLXIPL
Splice-altering	1	MMAA
Splice-altering	1	MMAB
Splice-altering	1	MMP14
Splice-altering	1	MMP16
Splice-altering	1	MMP2
Splice-altering	1	MMP21
Splice-altering	1	MMP24
Splice-altering	1	MMP24OS
Splice-altering	1	MMP26
Splice-altering	1	MMRN1
Splice-altering	1	MMRN2
Splice-altering	1	MNAT1
Splice-altering	1	MND1
Splice-altering	1	MOB2
Splice-altering	1	MOB3B
Splice-altering	1	MOCS1
Splice-altering	1	MORC1
Splice-altering	1	MORC3
Splice-altering	1	MORF4L1
Splice-altering	1	MOSPD1
Splice-altering	1	MOSPD2
Splice-altering	1	MPHOSPH9
Splice-altering	1	MPI
Splice-altering	1	MPP1
Splice-altering	1	MPZL1
Splice-altering	1	MR1
Splice-altering	1	MRAS
Splice-altering	1	MRFAP1P1
Splice-altering	1	MRGBP
Splice-altering	1	MRM2
Splice-altering	1	MRNIP
Splice-altering	1	MROH7-TTC4
Splice-altering	1	MRPL12
Splice-altering	1	MRPL14
Splice-altering	1	MRPL19
Splice-altering	1	MRPL2
Splice-altering	1	MRPL22
Splice-altering	1	MRPL27
Splice-altering	1	MRPL3
Splice-altering	1	MRPL33
Splice-altering	1	MRPL34
Splice-altering	1	MRPL36
Splice-altering	1	MRPL39
Splice-altering	1	MRPL40
Splice-altering	1	MRPL44
Splice-altering	1	MRPL45
Splice-altering	1	MRPL47
Splice-altering	1	MRPL48
Splice-altering	1	MRPL51
Splice-altering	1	MRPL9
Splice-altering	1	MRPS12
Splice-altering	1	MRPS17
Splice-altering	1	MRPS18A
Splice-altering	1	MRPS18B
Splice-altering	1	MRPS25
Splice-altering	1	MRPS27
Splice-altering	1	MRPS30
Splice-altering	1	MRPS36
Splice-altering	1	MRPS7
Splice-altering	1	MRTO4
Splice-altering	1	MSANTD3-TMEFF1
Splice-altering	1	MSH5
Splice-altering	1	MSH5-SAPCD1
Splice-altering	1	MSI1
Splice-altering	1	MSL1
Splice-altering	1	MSLN
Splice-altering	1	MSN
Splice-altering	1	MSRA
Splice-altering	1	MSRB2
Splice-altering	1	MST1P2
Splice-altering	1	MST1R
Splice-altering	1	MSTO2P
Splice-altering	1	MT1F
Splice-altering	1	MT2A
Splice-altering	1	MTARC2
Splice-altering	1	MTCP1
Splice-altering	1	MTDH
Splice-altering	1	MTFMT
Splice-altering	1	MTFR1L
Splice-altering	1	MTG1
Splice-altering	1	MTHFSD
Splice-altering	1	MTMR1
Splice-altering	1	MTMR10
Splice-altering	1	MTMR14
Splice-altering	1	MTMR2
Splice-altering	1	MTMR4
Splice-altering	1	MTRES1
Splice-altering	1	MTSS1
Splice-altering	1	MTUS1
Splice-altering	1	MUC15
Splice-altering	1	MUC2
Splice-altering	1	MUC4
Splice-altering	1	MUC5AC
Splice-altering	1	MVB12A
Splice-altering	1	MVB12B
Splice-altering	1	MVK
Splice-altering	1	MXI1
Splice-altering	1	MXRA7
Splice-altering	1	MXRA8
Splice-altering	1	MYBBP1A
Splice-altering	1	MYBL2
Splice-altering	1	MYDGF
Splice-altering	1	MYH11
Splice-altering	1	MYH15
Splice-altering	1	MYL5
Splice-altering	1	MYO1A
Splice-altering	1	MYO1G
Splice-altering	1	MYO5B
Splice-altering	1	MYO5C
Splice-altering	1	MYO7A
Splice-altering	1	MYOM3
Splice-altering	1	MZF1
Splice-altering	1	N4BP1
Splice-altering	1	N4BP2
Splice-altering	1	N4BP3
Splice-altering	1	NAA10
Splice-altering	1	NAA38
Splice-altering	1	NAA60
Splice-altering	1	NAAA
Splice-altering	1	NACC2
Splice-altering	1	NAF1
Splice-altering	1	NAGA
Splice-altering	1	NAGS
Splice-altering	1	NAIF1
Splice-altering	1	NALT1
Splice-altering	1	NAPB
Splice-altering	1	NARS1
Splice-altering	1	NAV1
Splice-altering	1	NBEAL1
Splice-altering	1	NBPF3
Splice-altering	1	NBR1
Splice-altering	1	NCAM2
Splice-altering	1	NCAPG
Splice-altering	1	NCBP2
Splice-altering	1	NCBP3
Splice-altering	1	NCK1
Splice-altering	1	NCKAP1L
Splice-altering	1	NCKAP5
Splice-altering	1	NCKAP5L
Splice-altering	1	NCKIPSD
Splice-altering	1	NCL
Splice-altering	1	NCOA1
Splice-altering	1	NCOA3
Splice-altering	1	NCOA7
Splice-altering	1	NDC80
Splice-altering	1	NDOR1
Splice-altering	1	NDRG1
Splice-altering	1	NDRG3
Splice-altering	1	NDST4
Splice-altering	1	NDUFA10
Splice-altering	1	NDUFA3
Splice-altering	1	NDUFA4
Splice-altering	1	NDUFA5
Splice-altering	1	NDUFA7
Splice-altering	1	NDUFAF1
Splice-altering	1	NDUFAF6
Splice-altering	1	NDUFAF7
Splice-altering	1	NDUFB7
Splice-altering	1	NDUFB8
Splice-altering	1	NDUFS3
Splice-altering	1	NDUFS5
Splice-altering	1	NDUFV2
Splice-altering	1	NDUFV3
Splice-altering	1	NECAP1
Splice-altering	1	NECTIN1
Splice-altering	1	NECTIN4
Splice-altering	1	NEDD1
Splice-altering	1	NEDD9
Splice-altering	1	NEGR1
Splice-altering	1	NEIL2
Splice-altering	1	NEK3
Splice-altering	1	NEK7
Splice-altering	1	NELFA
Splice-altering	1	NEMF
Splice-altering	1	NENF
Splice-altering	1	NFASC
Splice-altering	1	NFAT5
Splice-altering	1	NFATC3
Splice-altering	1	NFIX
Splice-altering	1	NFKB2
Splice-altering	1	NFKBIZ
Splice-altering	1	NFX1
Splice-altering	1	NFXL1
Splice-altering	1	NFYB
Splice-altering	1	NGLY1
Splice-altering	1	NHERF1
Splice-altering	1	NHLRC2
Splice-altering	1	NHLRC3
Splice-altering	1	NHP2
Splice-altering	1	NHS
Splice-altering	1	NHSL1
Splice-altering	1	NIBAN1
Splice-altering	1	NIF3L1
Splice-altering	1	NIPAL3
Splice-altering	1	NIPSNAP2
Splice-altering	1	NKAPD1
Splice-altering	1	NLGN2
Splice-altering	1	NLK
Splice-altering	1	NLRX1
Splice-altering	1	NME1
Splice-altering	1	NME1-NME2
Splice-altering	1	NME7
Splice-altering	1	NME9
Splice-altering	1	NMU
Splice-altering	1	NOA1
Splice-altering	1	NOB1
Splice-altering	1	NOC4L
Splice-altering	1	NOL8
Splice-altering	1	NOL9
Splice-altering	1	NOM1
Splice-altering	1	NOP16
Splice-altering	1	NOP2
Splice-altering	1	NOPCHAP1
Splice-altering	1	NOS1AP
Splice-altering	1	NOSTRIN
Splice-altering	1	NOTCH3
Splice-altering	1	NPAS3
Splice-altering	1	NPAT
Splice-altering	1	NPC2
Splice-altering	1	NPDC1
Splice-altering	1	NPEPL1
Splice-altering	1	NPIPP1
Splice-altering	1	NPM3
Splice-altering	1	NPTX2
Splice-altering	1	NR1D2
Splice-altering	1	NR1H2
Splice-altering	1	NR2C2
Splice-altering	1	NRAP
Splice-altering	1	NRG1
Splice-altering	1	NRK
Splice-altering	1	NRL
Splice-altering	1	NRXN1
Splice-altering	1	NSF
Splice-altering	1	NSMF
Splice-altering	1	NSRP1
Splice-altering	1	NSUN5P2
Splice-altering	1	NT5DC2
Splice-altering	1	NT5M
Splice-altering	1	NTAQ1
Splice-altering	1	NTHL1
Splice-altering	1	NTMT1
Splice-altering	1	NTS
Splice-altering	1	NUB1
Splice-altering	1	NUBP1
Splice-altering	1	NUCB1
Splice-altering	1	NUDC
Splice-altering	1	NUDCD1
Splice-altering	1	NUDCD3
Splice-altering	1	NUDT12
Splice-altering	1	NUDT13
Splice-altering	1	NUDT14
Splice-altering	1	NUDT21
Splice-altering	1	NUDT9
Splice-altering	1	NUF2
Splice-altering	1	NUGGC
Splice-altering	1	NUP210
Splice-altering	1	NUP210L
Splice-altering	1	NUP210P3
Splice-altering	1	NUP35
Splice-altering	1	NUP58
Splice-altering	1	NUP62CL
Splice-altering	1	NUP88
Splice-altering	1	NUS1
Splice-altering	1	NUTF2
Splice-altering	1	NXF3
Splice-altering	1	NXT1
Splice-altering	1	OAT
Splice-altering	1	OAZ1
Splice-altering	1	OAZ2
Splice-altering	1	OCA2
Splice-altering	1	OCEL1
Splice-altering	1	OCLN
Splice-altering	1	OCLNP1
Splice-altering	1	ODC1
Splice-altering	1	ODR4
Splice-altering	1	OGA
Splice-altering	1	OGFRL1
Splice-altering	1	OGN
Splice-altering	1	OLFM4
Splice-altering	1	OPN3
Splice-altering	1	ORAI2
Splice-altering	1	ORC1
Splice-altering	1	ORC6
Splice-altering	1	ORM1
Splice-altering	1	ORMDL1
Splice-altering	1	ORMDL2
Splice-altering	1	ORMDL3
Splice-altering	1	OSBP
Splice-altering	1	OSBPL5
Splice-altering	1	OSBPL6
Splice-altering	1	OSBPL8
Splice-altering	1	OSGEP
Splice-altering	1	OSTC
Splice-altering	1	OSTM1
Splice-altering	1	OTOA
Splice-altering	1	OTOR
Splice-altering	1	OTUB2
Splice-altering	1	OTUD4
Splice-altering	1	OTUD5
Splice-altering	1	OTULINL
Splice-altering	1	OTX1
Splice-altering	1	OVOL2
Splice-altering	1	OXNAD1
Splice-altering	1	OXSM
Splice-altering	1	OXSR1
Splice-altering	1	P2RX1
Splice-altering	1	P2RX5
Splice-altering	1	P2RX5-TAX1BP3
Splice-altering	1	P2RX7
Splice-altering	1	P3H2
Splice-altering	1	P3H3
Splice-altering	1	PACC1
Splice-altering	1	PACSIN2
Splice-altering	1	PACSIN3
Splice-altering	1	PAFAH1B3
Splice-altering	1	PAGR1
Splice-altering	1	PAH
Splice-altering	1	PAICS
Splice-altering	1	PAIP2
Splice-altering	1	PAK1IP1
Splice-altering	1	PALLD
Splice-altering	1	PALM2AKAP2
Splice-altering	1	PALS1
Splice-altering	1	PANK3
Splice-altering	1	PANK4
Splice-altering	1	PARL
Splice-altering	1	PARP11
Splice-altering	1	PARP12
Splice-altering	1	PASD1
Splice-altering	1	PASK
Splice-altering	1	PATJ
Splice-altering	1	PAX4
Splice-altering	1	PAX5
Splice-altering	1	PAX7
Splice-altering	1	PAX9
Splice-altering	1	PCCA
Splice-altering	1	PCDH17
Splice-altering	1	PCIF1
Splice-altering	1	PCK1
Splice-altering	1	PCK2
Splice-altering	1	PCLAF
Splice-altering	1	PCMT1
Splice-altering	1	PCMTD2
Splice-altering	1	PCNX1
Splice-altering	1	PCNX2
Splice-altering	1	PCOLCE
Splice-altering	1	PCSK1
Splice-altering	1	PCSK7
Splice-altering	1	PCSK9
Splice-altering	1	PCTP
Splice-altering	1	PCYT2
Splice-altering	1	PDCD10
Splice-altering	1	PDCD2L
Splice-altering	1	PDCD6IP
Splice-altering	1	PDCL
Splice-altering	1	PDE1C
Splice-altering	1	PDE3B
Splice-altering	1	PDE4A
Splice-altering	1	PDE4D
Splice-altering	1	PDE4DIP
Splice-altering	1	PDGFC
Splice-altering	1	PDGFRA
Splice-altering	1	PDGFRB
Splice-altering	1	PDGFRL
Splice-altering	1	PDHX
Splice-altering	1	PDIA4
Splice-altering	1	PDILT
Splice-altering	1	PDPR
Splice-altering	1	PDRG1
Splice-altering	1	PDS5B
Splice-altering	1	PEAK1
Splice-altering	1	PELI1
Splice-altering	1	PELI2
Splice-altering	1	PER2
Splice-altering	1	PER3
Splice-altering	1	PES1
Splice-altering	1	PEX1
Splice-altering	1	PEX13
Splice-altering	1	PEX16
Splice-altering	1	PEX3
Splice-altering	1	PEX7
Splice-altering	1	PFDN1
Splice-altering	1	PFDN4
Splice-altering	1	PFKFB2
Splice-altering	1	PFKFB4
Splice-altering	1	PGAM5
Splice-altering	1	PGAP3
Splice-altering	1	PGD
Splice-altering	1	PGF
Splice-altering	1	PGK1
Splice-altering	1	PHF1
Splice-altering	1	PHF12
Splice-altering	1	PHF20
Splice-altering	1	PHF5A
Splice-altering	1	PHF6
Splice-altering	1	PHF8
Splice-altering	1	PHLDB3
Splice-altering	1	PHTF2
Splice-altering	1	PHYHD1
Splice-altering	1	PHYKPL
Splice-altering	1	PI4K2B
Splice-altering	1	PI4KAP1
Splice-altering	1	PI4KB
Splice-altering	1	PIAS1
Splice-altering	1	PICK1
Splice-altering	1	PIERCE1
Splice-altering	1	PIEZO1
Splice-altering	1	PIGB
Splice-altering	1	PIGHP1
Splice-altering	1	PIGO
Splice-altering	1	PIGP
Splice-altering	1	PIGQ
Splice-altering	1	PIGR
Splice-altering	1	PIGS
Splice-altering	1	PIGU
Splice-altering	1	PIK3CB
Splice-altering	1	PIK3R4
Splice-altering	1	PIM1
Splice-altering	1	PIN1
Splice-altering	1	PINK1
Splice-altering	1	PIP4K2B
Splice-altering	1	PIPOX
Splice-altering	1	PIR
Splice-altering	1	PISD
Splice-altering	1	PITPNB
Splice-altering	1	PITPNM3
Splice-altering	1	PIWIL1
Splice-altering	1	PKD1
Splice-altering	1	PKD1P6-NPIPP1
Splice-altering	1	PKHD1
Splice-altering	1	PKIG
Splice-altering	1	PKNOX1
Splice-altering	1	PLA2G10DP
Splice-altering	1	PLA2G4F
Splice-altering	1	PLA2G5
Splice-altering	1	PLA2R1
Splice-altering	1	PLAAT1
Splice-altering	1	PLAAT4
Splice-altering	1	PLAUR
Splice-altering	1	PLCG1
Splice-altering	1	PLCG2
Splice-altering	1	PLCH1
Splice-altering	1	PLCXD1
Splice-altering	1	PLD2
Splice-altering	1	PLD3
Splice-altering	1	PLEKHB1
Splice-altering	1	PLEKHG1
Splice-altering	1	PLEKHG4
Splice-altering	1	PLEKHG4B
Splice-altering	1	PLEKHH1
Splice-altering	1	PLEKHM1
Splice-altering	1	PLG
Splice-altering	1	PLK1
Splice-altering	1	PLOD2
Splice-altering	1	PLPBP
Splice-altering	1	PLS1
Splice-altering	1	PLSCR3
Splice-altering	1	PLXNA1
Splice-altering	1	PLXNB3
Splice-altering	1	PLXND1
Splice-altering	1	PMEL
Splice-altering	1	PNISR
Splice-altering	1	PNO1
Splice-altering	1	PNP
Splice-altering	1	PNPLA1
Splice-altering	1	PNPLA2
Splice-altering	1	PNPLA7
Splice-altering	1	PODXL2
Splice-altering	1	POGLUT1
Splice-altering	1	POLA1
Splice-altering	1	POLA2
Splice-altering	1	POLB
Splice-altering	1	POLD4
Splice-altering	1	POLDIP2
Splice-altering	1	POLDIP3
Splice-altering	1	POLE4
Splice-altering	1	POLH
Splice-altering	1	POLL
Splice-altering	1	POLR1D
Splice-altering	1	POLR1E
Splice-altering	1	POLR2C
Splice-altering	1	POLR2E
Splice-altering	1	POLR2F
Splice-altering	1	POLR2I
Splice-altering	1	POLR2J4
Splice-altering	1	POLR2K
Splice-altering	1	POLR3G
Splice-altering	1	POLR3H
Splice-altering	1	POLRMT
Splice-altering	1	POM121
Splice-altering	1	POM121C
Splice-altering	1	POMGNT2
Splice-altering	1	POMP
Splice-altering	1	POMT1
Splice-altering	1	POMT2
Splice-altering	1	POR
Splice-altering	1	PORCN
Splice-altering	1	POSTN
Splice-altering	1	POT1
Splice-altering	1	POU2F1
Splice-altering	1	POU5F1P3
Splice-altering	1	POU6F2
Splice-altering	1	PPA1
Splice-altering	1	PPARD
Splice-altering	1	PPAT
Splice-altering	1	PPCS
Splice-altering	1	PPFIBP1
Splice-altering	1	PPHLN1
Splice-altering	1	PPIB
Splice-altering	1	PPIH
Splice-altering	1	PPIL2
Splice-altering	1	PPIL4
Splice-altering	1	PPIP5K2
Splice-altering	1	PPM1A
Splice-altering	1	PPM1M
Splice-altering	1	PPME1
Splice-altering	1	PPP1CB
Splice-altering	1	PPP1CC
Splice-altering	1	PPP1R11
Splice-altering	1	PPP1R12B
Splice-altering	1	PPP1R14A
Splice-altering	1	PPP1R21
Splice-altering	1	PPP1R32
Splice-altering	1	PPP2R2A
Splice-altering	1	PPP2R2B
Splice-altering	1	PPP2R3C
Splice-altering	1	PPP2R5B
Splice-altering	1	PPP2R5C
Splice-altering	1	PPP4C
Splice-altering	1	PPP4R2
Splice-altering	1	PPP4R4
Splice-altering	1	PPP5C
Splice-altering	1	PPP6R2
Splice-altering	1	PQBP1
Splice-altering	1	PRC1
Splice-altering	1	PRCC
Splice-altering	1	PRCD
Splice-altering	1	PRDM4
Splice-altering	1	PRELID3A
Splice-altering	1	PREX1
Splice-altering	1	PRICKLE4
Splice-altering	1	PRIM1
Splice-altering	1	PRIMA1
Splice-altering	1	PRKAA1
Splice-altering	1	PRKACA
Splice-altering	1	PRKACB
Splice-altering	1	PRKAR1A
Splice-altering	1	PRKCB
Splice-altering	1	PRKD1
Splice-altering	1	PRKD3
Splice-altering	1	PRKG1
Splice-altering	1	PRKG2
Splice-altering	1	PRKRA
Splice-altering	1	PRMT2
Splice-altering	1	PROSER1
Splice-altering	1	PROSER3
Splice-altering	1	PRPF18
Splice-altering	1	PRPF4
Splice-altering	1	PRR12
Splice-altering	1	PRR5
Splice-altering	1	PRUNE1
Splice-altering	1	PRXL2A
Splice-altering	1	PRXL2B
Splice-altering	1	PRXL2C
Splice-altering	1	PSAT1
Splice-altering	1	PSD4
Splice-altering	1	PSG4
Splice-altering	1	PSMA1
Splice-altering	1	PSMA2
Splice-altering	1	PSMA3
Splice-altering	1	PSMB3
Splice-altering	1	PSMB4
Splice-altering	1	PSMB6
Splice-altering	1	PSMB8
Splice-altering	1	PSMC2
Splice-altering	1	PSMD13
Splice-altering	1	PSMD14
Splice-altering	1	PSMD3
Splice-altering	1	PSMD4
Splice-altering	1	PSME3
Splice-altering	1	PSME3IP1
Splice-altering	1	PSMG1
Splice-altering	1	PSPC1
Splice-altering	1	PSRC1
Splice-altering	1	PTCD1
Splice-altering	1	PTDSS1
Splice-altering	1	PTGDS
Splice-altering	1	PTGES3L-AARSD1
Splice-altering	1	PTGS1
Splice-altering	1	PTGS2
Splice-altering	1	PTH2R
Splice-altering	1	PTP4A2
Splice-altering	1	PTPN1
Splice-altering	1	PTPN11
Splice-altering	1	PTPN14
Splice-altering	1	PTPN18
Splice-altering	1	PTPN2
Splice-altering	1	PTPN23
Splice-altering	1	PTPRA
Splice-altering	1	PTPRE
Splice-altering	1	PTPRG
Splice-altering	1	PTPRH
Splice-altering	1	PTPRN
Splice-altering	1	PTPRR
Splice-altering	1	PTPRS
Splice-altering	1	PTS
Splice-altering	1	PTTG1IP
Splice-altering	1	PUS7
Splice-altering	1	PWWP3A
Splice-altering	1	PXK
Splice-altering	1	PXMP2
Splice-altering	1	PYM1
Splice-altering	1	PZP
Splice-altering	1	QRSL1
Splice-altering	1	QSER1
Splice-altering	1	QSOX1
Splice-altering	1	R3HDM1
Splice-altering	1	RAB11FIP3
Splice-altering	1	RAB1A
Splice-altering	1	RAB1B
Splice-altering	1	RAB24
Splice-altering	1	RAB27A
Splice-altering	1	RAB28
Splice-altering	1	RAB2A
Splice-altering	1	RAB31
Splice-altering	1	RAB36
Splice-altering	1	RAB4A
Splice-altering	1	RAB5A
Splice-altering	1	RAB6B
Splice-altering	1	RAB7A
Splice-altering	1	RABGAP1L
Splice-altering	1	RABGGTA
Splice-altering	1	RAD17
Splice-altering	1	RAD23B
Splice-altering	1	RAD52
Splice-altering	1	RAD9A
Splice-altering	1	RALA
Splice-altering	1	RALBP1
Splice-altering	1	RALGPS2
Splice-altering	1	RALY
Splice-altering	1	RANBP3
Splice-altering	1	RANBP9
Splice-altering	1	RAP1B
Splice-altering	1	RAP1GAP2
Splice-altering	1	RAPGEF1
Splice-altering	1	RAPGEF2
Splice-altering	1	RAPGEF6
Splice-altering	1	RAPH1
Splice-altering	1	RARG
Splice-altering	1	RARRES1
Splice-altering	1	RASA2
Splice-altering	1	RASA3
Splice-altering	1	RASAL1
Splice-altering	1	RASGEF1A
Splice-altering	1	RASGEF1C
Splice-altering	1	RASGRP3
Splice-altering	1	RASSF1
Splice-altering	1	RASSF2
Splice-altering	1	RASSF7
Splice-altering	1	RAVER1
Splice-altering	1	RAVER2
Splice-altering	1	RBBP4P2
Splice-altering	1	RBL1
Splice-altering	1	RBM23
Splice-altering	1	RBM25
Splice-altering	1	RBM26
Splice-altering	1	RBM45
Splice-altering	1	RBM47
Splice-altering	1	RBMS2
Splice-altering	1	RBP5
Splice-altering	1	RBPMS2
Splice-altering	1	RBX1
Splice-altering	1	RC3H1
Splice-altering	1	RCN2
Splice-altering	1	RDX
Splice-altering	1	RECQL
Splice-altering	1	REEP4
Splice-altering	1	REEP6
Splice-altering	1	REG1A
Splice-altering	1	REL
Splice-altering	1	RELCH
Splice-altering	1	RELL1
Splice-altering	1	REPIN1
Splice-altering	1	RER1
Splice-altering	1	REST
Splice-altering	1	RETSAT
Splice-altering	1	REV1
Splice-altering	1	REV3L
Splice-altering	1	REXO4
Splice-altering	1	RFC5
Splice-altering	1	RFTN2
Splice-altering	1	RFX7
Splice-altering	1	RFXANK
Splice-altering	1	RGL1
Splice-altering	1	RGL3
Splice-altering	1	RGN
Splice-altering	1	RGS10
Splice-altering	1	RGS22
Splice-altering	1	RHBDF2
Splice-altering	1	RHBDL1
Splice-altering	1	RHEB
Splice-altering	1	RHOBTB1
Splice-altering	1	RHOBTB2
Splice-altering	1	RHOC
Splice-altering	1	RHPN2
Splice-altering	1	RIC8A
Splice-altering	1	RIDA
Splice-altering	1	RIF1
Splice-altering	1	RIPK2
Splice-altering	1	RMDN1
Splice-altering	1	RMI2
Splice-altering	1	RMND1
Splice-altering	1	RN7SKP23
Splice-altering	1	RNASEK
Splice-altering	1	RNASEK-C17orf49
Splice-altering	1	RNF103-CHMP3
Splice-altering	1	RNF122
Splice-altering	1	RNF13
Splice-altering	1	RNF141
Splice-altering	1	RNF149
Splice-altering	1	RNF157
Splice-altering	1	RNF167
Splice-altering	1	RNF168
Splice-altering	1	RNF17
Splice-altering	1	RNF181
Splice-altering	1	RNF216
Splice-altering	1	RNF24
Splice-altering	1	RNF34
Splice-altering	1	RNF38
Splice-altering	1	RNF4
Splice-altering	1	RNF6
Splice-altering	1	RNFT1
Splice-altering	1	RNH1
Splice-altering	1	RNPEPL1
Splice-altering	1	RO60
Splice-altering	1	ROBO3
Splice-altering	1	ROCK2
Splice-altering	1	RORA
Splice-altering	1	RORC
Splice-altering	1	ROS1
Splice-altering	1	RPA2
Splice-altering	1	RPAIN
Splice-altering	1	RPAP3
Splice-altering	1	RPF1
Splice-altering	1	RPGR
Splice-altering	1	RPGRIP1
Splice-altering	1	RPL11
Splice-altering	1	RPL12
Splice-altering	1	RPL13
Splice-altering	1	RPL17
Splice-altering	1	RPL17-C18orf32
Splice-altering	1	RPL18
Splice-altering	1	RPL22L1
Splice-altering	1	RPL3
Splice-altering	1	RPL30
Splice-altering	1	RPL35
Splice-altering	1	RPL36A-HNRNPH2
Splice-altering	1	RPL7A
Splice-altering	1	RPL8
Splice-altering	1	RPL9
Splice-altering	1	RPLP0
Splice-altering	1	RPLP2
Splice-altering	1	RPN1
Splice-altering	1	RPS12
Splice-altering	1	RPS13
Splice-altering	1	RPS16
Splice-altering	1	RPS2
Splice-altering	1	RPS21
Splice-altering	1	RPS24
Splice-altering	1	RPS26
Splice-altering	1	RPS27L
Splice-altering	1	RPS4X
Splice-altering	1	RPS5
Splice-altering	1	RPS6
Splice-altering	1	RPS6KA2
Splice-altering	1	RPS8
Splice-altering	1	RPSA
Splice-altering	1	RPUSD1
Splice-altering	1	RRAGB
Splice-altering	1	RRAS
Splice-altering	1	RRAS2
Splice-altering	1	RRP9
Splice-altering	1	RSF1
Splice-altering	1	RSRC2
Splice-altering	1	RTCB
Splice-altering	1	RTN3
Splice-altering	1	RTRAF
Splice-altering	1	RUFY1
Splice-altering	1	RUFY2
Splice-altering	1	RUSC2
Splice-altering	1	RWDD2A
Splice-altering	1	RWDD2B
Splice-altering	1	RWDD3
Splice-altering	1	RWDD4
Splice-altering	1	RXRA
Splice-altering	1	RYBP
Splice-altering	1	RYK
Splice-altering	1	S100A13
Splice-altering	1	S100PBP
Splice-altering	1	SACM1L
Splice-altering	1	SAE1
Splice-altering	1	SAGE1
Splice-altering	1	SAMD3
Splice-altering	1	SAMHD1
Splice-altering	1	SAP30BP
Splice-altering	1	SAP30L
Splice-altering	1	SAR1A
Splice-altering	1	SARAF
Splice-altering	1	SARM1
Splice-altering	1	SART1
Splice-altering	1	SART3
Splice-altering	1	SASS6
Splice-altering	1	SAT2
Splice-altering	1	SATB2
Splice-altering	1	SBF2
Splice-altering	1	SC5D
Splice-altering	1	SCAF1
Splice-altering	1	SCAMP1
Splice-altering	1	SCAPER
Splice-altering	1	SCARB1
Splice-altering	1	SCARB2
Splice-altering	1	SCARF2
Splice-altering	1	SCN2A
Splice-altering	1	SCN5A
Splice-altering	1	SCNM1
Splice-altering	1	SCNN1A
Splice-altering	1	SCNN1D
Splice-altering	1	SCO1
Splice-altering	1	SCOC
Splice-altering	1	SCPEP1
Splice-altering	1	SCRN1
Splice-altering	1	SCUBE2
Splice-altering	1	SCUBE3
Splice-altering	1	SDAD1
Splice-altering	1	SDC2
Splice-altering	1	SDC4
Splice-altering	1	SDCBP
Splice-altering	1	SDHAF3
Splice-altering	1	SDHAF4
Splice-altering	1	SDHD
Splice-altering	1	SDR16C5
Splice-altering	1	SEC11A
Splice-altering	1	SEC13
Splice-altering	1	SEC22A
Splice-altering	1	SEC23IP
Splice-altering	1	SEC31A
Splice-altering	1	SEC31B
Splice-altering	1	SEC61A1
Splice-altering	1	SEC61A2
Splice-altering	1	SEC61G
Splice-altering	1	SEC62
Splice-altering	1	SECISBP2
Splice-altering	1	SELENON
Splice-altering	1	SELENOW
Splice-altering	1	SEMA3D
Splice-altering	1	SEMA3F
Splice-altering	1	SEMA4B
Splice-altering	1	SEMA6C
Splice-altering	1	SENP2
Splice-altering	1	SENP3
Splice-altering	1	SEPTIN6
Splice-altering	1	SEPTIN7P11
Splice-altering	1	SEPTIN7P2
Splice-altering	1	SEPTIN8
Splice-altering	1	SERAC1
Splice-altering	1	SERHL
Splice-altering	1	SERP1
Splice-altering	1	SERPINB13
Splice-altering	1	SERPINB6
Splice-altering	1	SERPINB7
Splice-altering	1	SERPINE2
Splice-altering	1	SERPINI1
Splice-altering	1	SERTAD4
Splice-altering	1	SESN1
Splice-altering	1	SETD1A
Splice-altering	1	SETD6
Splice-altering	1	SF1
Splice-altering	1	SF3B2
Splice-altering	1	SF3B6
Splice-altering	1	SFI1
Splice-altering	1	SFMBT1
Splice-altering	1	SFTPB
Splice-altering	1	SGCD
Splice-altering	1	SGK1
Splice-altering	1	SGK2
Splice-altering	1	SGO2
Splice-altering	1	SGSH
Splice-altering	1	SH2B1
Splice-altering	1	SH2B3
Splice-altering	1	SH2D1A
Splice-altering	1	SH2D3A
Splice-altering	1	SH3BP2
Splice-altering	1	SH3BP4
Splice-altering	1	SH3D19
Splice-altering	1	SH3GL3
Splice-altering	1	SH3RF1
Splice-altering	1	SHB
Splice-altering	1	SHBG
Splice-altering	1	SHC4
Splice-altering	1	SHISA4
Splice-altering	1	SHPK
Splice-altering	1	SHPRH
Splice-altering	1	SIAE
Splice-altering	1	SIDT2
Splice-altering	1	SIK2
Splice-altering	1	SIN3B
Splice-altering	1	SIPA1L1
Splice-altering	1	SIRT2
Splice-altering	1	SIRT7
Splice-altering	1	SKAP1
Splice-altering	1	SKAP2
Splice-altering	1	SKI
Splice-altering	1	SKIL
Splice-altering	1	SKP1
Splice-altering	1	SKP2
Splice-altering	1	SLAIN1
Splice-altering	1	SLC12A6
Splice-altering	1	SLC12A7
Splice-altering	1	SLC14A1
Splice-altering	1	SLC15A2
Splice-altering	1	SLC16A3
Splice-altering	1	SLC16A6
Splice-altering	1	SLC17A5
Splice-altering	1	SLC19A1
Splice-altering	1	SLC1A1
Splice-altering	1	SLC1A5
Splice-altering	1	SLC22A3
Splice-altering	1	SLC22A5
Splice-altering	1	SLC23A1
Splice-altering	1	SLC24A3
Splice-altering	1	SLC24A4
Splice-altering	1	SLC25A12
Splice-altering	1	SLC25A18
Splice-altering	1	SLC25A26
Splice-altering	1	SLC25A32
Splice-altering	1	SLC25A36
Splice-altering	1	SLC25A38
Splice-altering	1	SLC25A46
Splice-altering	1	SLC25A6
Splice-altering	1	SLC26A10P
Splice-altering	1	SLC26A3
Splice-altering	1	SLC26A4
Splice-altering	1	SLC26A5
Splice-altering	1	SLC26A9
Splice-altering	1	SLC27A1
Splice-altering	1	SLC27A5
Splice-altering	1	SLC28A2
Splice-altering	1	SLC28A3
Splice-altering	1	SLC29A1
Splice-altering	1	SLC2A1
Splice-altering	1	SLC2A10
Splice-altering	1	SLC2A11
Splice-altering	1	SLC2A2
Splice-altering	1	SLC2A3
Splice-altering	1	SLC2A4RG
Splice-altering	1	SLC2A6
Splice-altering	1	SLC30A5
Splice-altering	1	SLC30A9
Splice-altering	1	SLC31A2
Splice-altering	1	SLC35A5
Splice-altering	1	SLC35B1
Splice-altering	1	SLC35B3
Splice-altering	1	SLC35C2
Splice-altering	1	SLC35D1
Splice-altering	1	SLC35E2B
Splice-altering	1	SLC35F6
Splice-altering	1	SLC39A1
Splice-altering	1	SLC39A10
Splice-altering	1	SLC39A13
Splice-altering	1	SLC3A2
Splice-altering	1	SLC41A2
Splice-altering	1	SLC43A1
Splice-altering	1	SLC44A4
Splice-altering	1	SLC48A1
Splice-altering	1	SLC49A4
Splice-altering	1	SLC4A1
Splice-altering	1	SLC4A11
Splice-altering	1	SLC4A4
Splice-altering	1	SLC4A7
Splice-altering	1	SLC52A2
Splice-altering	1	SLC5A1
Splice-altering	1	SLC66A1
Splice-altering	1	SLC66A3
Splice-altering	1	SLC6A1
Splice-altering	1	SLC6A11
Splice-altering	1	SLC6A13
Splice-altering	1	SLC6A15
Splice-altering	1	SLC6A19
Splice-altering	1	SLC6A2
Splice-altering	1	SLC6A20
Splice-altering	1	SLC7A7
Splice-altering	1	SLC9A1
Splice-altering	1	SLC9B1
Splice-altering	1	SLCO2A1
Splice-altering	1	SLCO6A1
Splice-altering	1	SLIT2
Splice-altering	1	SLIT3
Splice-altering	1	SLK
Splice-altering	1	SMAD1
Splice-altering	1	SMAD3
Splice-altering	1	SMAGP
Splice-altering	1	SMARCD1
Splice-altering	1	SMARCD3
Splice-altering	1	SMC3
Splice-altering	1	SMIM14
Splice-altering	1	SMIM19
Splice-altering	1	SMIM29
Splice-altering	1	SMNDC1
Splice-altering	1	SMOC1
Splice-altering	1	SMOC2
Splice-altering	1	SMPD4BP
Splice-altering	1	SMURF2
Splice-altering	1	SMYD4
Splice-altering	1	SNAP23
Splice-altering	1	SNAP29
Splice-altering	1	SNAPC1
Splice-altering	1	SNAPC4
Splice-altering	1	SNED1
Splice-altering	1	SNF8
Splice-altering	1	SNHG1
Splice-altering	1	SNHG12
Splice-altering	1	SNHG32
Splice-altering	1	SNHG6
Splice-altering	1	SNN
Splice-altering	1	SNRNP40
Splice-altering	1	SNRPA1
Splice-altering	1	SNRPD1
Splice-altering	1	SNRPF
Splice-altering	1	SNTA1
Splice-altering	1	SNTG1
Splice-altering	1	SNUPN
Splice-altering	1	SNX12
Splice-altering	1	SNX2
Splice-altering	1	SNX25
Splice-altering	1	SNX29
Splice-altering	1	SNX3
Splice-altering	1	SNX30
Splice-altering	1	SNX4
Splice-altering	1	SNX5
Splice-altering	1	SNX7
Splice-altering	1	SNX9
Splice-altering	1	SOCS1
Splice-altering	1	SOCS7
Splice-altering	1	SORBS1
Splice-altering	1	SORBS3
Splice-altering	1	SORCS1
Splice-altering	1	SOS1
Splice-altering	1	SOX10
Splice-altering	1	SP2
Splice-altering	1	SPAG7
Splice-altering	1	SPATA13
Splice-altering	1	SPATA17
Splice-altering	1	SPATA5L1
Splice-altering	1	SPATA6L
Splice-altering	1	SPATS2
Splice-altering	1	SPATS2L
Splice-altering	1	SPC25
Splice-altering	1	SPDYA
Splice-altering	1	SPECC1L
Splice-altering	1	SPECC1L-ADORA2A
Splice-altering	1	SPEF2
Splice-altering	1	SPNS1
Splice-altering	1	SPNS3
Splice-altering	1	SPOCK1
Splice-altering	1	SPOCK3
Splice-altering	1	SPON1
Splice-altering	1	SPOP
Splice-altering	1	SPOUT1
Splice-altering	1	SPPL2A
Splice-altering	1	SPRED2
Splice-altering	1	SPRING1
Splice-altering	1	SPTA1
Splice-altering	1	SPTLC2
Splice-altering	1	SQLE
Splice-altering	1	SQOR
Splice-altering	1	SRBD1
Splice-altering	1	SRD5A1
Splice-altering	1	SREK1IP1
Splice-altering	1	SRGAP2C
Splice-altering	1	SRM
Splice-altering	1	SRP19
Splice-altering	1	SRP72
Splice-altering	1	SRPK2
Splice-altering	1	SRPK3
Splice-altering	1	SRRM2
Splice-altering	1	SRRM5
Splice-altering	1	SRSF2
Splice-altering	1	SRSF5
Splice-altering	1	SRSF7
Splice-altering	1	SRSF9
Splice-altering	1	SS18
Splice-altering	1	SSBP1
Splice-altering	1	SSBP3
Splice-altering	1	SSBP4
Splice-altering	1	SSH2
Splice-altering	1	SSH3
Splice-altering	1	SSR2
Splice-altering	1	ST13
Splice-altering	1	ST18
Splice-altering	1	ST3GAL4
Splice-altering	1	ST3GAL6
Splice-altering	1	ST6GAL1
Splice-altering	1	ST6GALNAC4
Splice-altering	1	ST7
Splice-altering	1	STAM2
Splice-altering	1	STAMBP
Splice-altering	1	STARD3NL
Splice-altering	1	STAT4
Splice-altering	1	STAU2
Splice-altering	1	STC1
Splice-altering	1	STEAP1
Splice-altering	1	STEAP4
Splice-altering	1	STK11IP
Splice-altering	1	STK16
Splice-altering	1	STK17A
Splice-altering	1	STK24
Splice-altering	1	STK33
Splice-altering	1	STK38L
Splice-altering	1	STK4
Splice-altering	1	STK40
Splice-altering	1	STMP1
Splice-altering	1	STOML3
Splice-altering	1	STRA6
Splice-altering	1	STRADA
Splice-altering	1	STRIP2
Splice-altering	1	STRN
Splice-altering	1	STRN3
Splice-altering	1	STUB1
Splice-altering	1	STX16-NPEPL1
Splice-altering	1	STX17
Splice-altering	1	STX2
Splice-altering	1	STX3
Splice-altering	1	STX5
Splice-altering	1	STX7
Splice-altering	1	STXBP1
Splice-altering	1	SUCLG1
Splice-altering	1	SUCO
Splice-altering	1	SUGCT
Splice-altering	1	SUGP1
Splice-altering	1	SUGP2
Splice-altering	1	SULF1
Splice-altering	1	SULT2B1
Splice-altering	1	SUN2
Splice-altering	1	SUPT20H
Splice-altering	1	SUPT3H
Splice-altering	1	SUPT7L
Splice-altering	1	SUPV3L1
Splice-altering	1	SURF1
Splice-altering	1	SUSD4
Splice-altering	1	SUV39H2
Splice-altering	1	SUZ12P1
Splice-altering	1	SVEP1
Splice-altering	1	SYAP1
Splice-altering	1	SYNDIG1
Splice-altering	1	SYNGAP1
Splice-altering	1	SYNJ1
Splice-altering	1	SYNJ2BP
Splice-altering	1	SYNJ2BP-COX16
Splice-altering	1	SYNRG
Splice-altering	1	SYT17
Splice-altering	1	SYT5
Splice-altering	1	SYTL1
Splice-altering	1	SYTL3
Splice-altering	1	TAB2
Splice-altering	1	TACC3
Splice-altering	1	TADA2A
Splice-altering	1	TADA3
Splice-altering	1	TAF1
Splice-altering	1	TAF11
Splice-altering	1	TAF15
Splice-altering	1	TAF1A
Splice-altering	1	TAF1C
Splice-altering	1	TAF2
Splice-altering	1	TAF4
Splice-altering	1	TAF4B
Splice-altering	1	TAF5L
Splice-altering	1	TAFA5
Splice-altering	1	TAFAZZIN
Splice-altering	1	TAGLN2
Splice-altering	1	TALDO1
Splice-altering	1	TAPBPL
Splice-altering	1	TAPT1
Splice-altering	1	TARBP2
Splice-altering	1	TASP1
Splice-altering	1	TAT
Splice-altering	1	TATDN1
Splice-altering	1	TBC1D13
Splice-altering	1	TBC1D22A
Splice-altering	1	TBC1D22B
Splice-altering	1	TBC1D23
Splice-altering	1	TBC1D32
Splice-altering	1	TBC1D7
Splice-altering	1	TBC1D8B
Splice-altering	1	TBCB
Splice-altering	1	TBCCD1
Splice-altering	1	TBCE
Splice-altering	1	TBPL2
Splice-altering	1	TBX18
Splice-altering	1	TCEA1
Splice-altering	1	TCEA3
Splice-altering	1	TCF3
Splice-altering	1	TCHP
Splice-altering	1	TCP1
Splice-altering	1	TCP11L1
Splice-altering	1	TCTN3
Splice-altering	1	TDRD5
Splice-altering	1	TDRD7
Splice-altering	1	TEAD3
Splice-altering	1	TEC
Splice-altering	1	TEDC1
Splice-altering	1	TENM1
Splice-altering	1	TENM3
Splice-altering	1	TENT4A
Splice-altering	1	TERF2
Splice-altering	1	TESC
Splice-altering	1	TET2
Splice-altering	1	TEX30
Splice-altering	1	TF
Splice-altering	1	TFAM
Splice-altering	1	TFAP2C
Splice-altering	1	TFB2M
Splice-altering	1	TFCP2
Splice-altering	1	TFCP2L1
Splice-altering	1	TFE3
Splice-altering	1	TFEB
Splice-altering	1	TFPI
Splice-altering	1	TGIF1
Splice-altering	1	TH
Splice-altering	1	THAP9
Splice-altering	1	THG1L
Splice-altering	1	THOC2
Splice-altering	1	THOC7
Splice-altering	1	THRAP3
Splice-altering	1	THRB
Splice-altering	1	TIA1
Splice-altering	1	TIAM1
Splice-altering	1	TIGAR
Splice-altering	1	TIMM10B
Splice-altering	1	TIMM17B
Splice-altering	1	TIMM22
Splice-altering	1	TIMM44
Splice-altering	1	TIMM50
Splice-altering	1	TINF2
Splice-altering	1	TIPIN
Splice-altering	1	TJAP1
Splice-altering	1	TK1
Splice-altering	1	TKTL1
Splice-altering	1	TLCD4-RWDD3
Splice-altering	1	TLE5
Splice-altering	1	TLN2
Splice-altering	1	TM4SF1
Splice-altering	1	TM7SF2
Splice-altering	1	TMBIM4
Splice-altering	1	TMCO1
Splice-altering	1	TMED9
Splice-altering	1	TMEFF1
Splice-altering	1	TMEM107
Splice-altering	1	TMEM108
Splice-altering	1	TMEM109
Splice-altering	1	TMEM128
Splice-altering	1	TMEM132A
Splice-altering	1	TMEM138
Splice-altering	1	TMEM14A
Splice-altering	1	TMEM14C
Splice-altering	1	TMEM151B
Splice-altering	1	TMEM161B
Splice-altering	1	TMEM165
Splice-altering	1	TMEM168
Splice-altering	1	TMEM175
Splice-altering	1	TMEM176A
Splice-altering	1	TMEM181
Splice-altering	1	TMEM19
Splice-altering	1	TMEM192
Splice-altering	1	TMEM198
Splice-altering	1	TMEM216
Splice-altering	1	TMEM222
Splice-altering	1	TMEM230
Splice-altering	1	TMEM231
Splice-altering	1	TMEM237
Splice-altering	1	TMEM241
Splice-altering	1	TMEM245
Splice-altering	1	TMEM255A
Splice-altering	1	TMEM256-PLSCR3
Splice-altering	1	TMEM266
Splice-altering	1	TMEM30A
Splice-altering	1	TMEM33
Splice-altering	1	TMEM38B
Splice-altering	1	TMEM45A
Splice-altering	1	TMEM45B
Splice-altering	1	TMEM51
Splice-altering	1	TMEM52
Splice-altering	1	TMEM8B
Splice-altering	1	TMEM98
Splice-altering	1	TMF1
Splice-altering	1	TMPO
Splice-altering	1	TMPRSS2
Splice-altering	1	TMPRSS3
Splice-altering	1	TMTC3
Splice-altering	1	TMX2
Splice-altering	1	TMX3
Splice-altering	1	TNF
Splice-altering	1	TNFAIP2
Splice-altering	1	TNFRSF19
Splice-altering	1	TNFRSF1B
Splice-altering	1	TNFRSF25
Splice-altering	1	TNK2
Splice-altering	1	TNNI3
Splice-altering	1	TNNI3K
Splice-altering	1	TNNT2
Splice-altering	1	TNR
Splice-altering	1	TNS3
Splice-altering	1	TOGARAM1
Splice-altering	1	TONSL
Splice-altering	1	TOP1MT
Splice-altering	1	TOP2A
Splice-altering	1	TOR1AIP1
Splice-altering	1	TOX4
Splice-altering	1	TP53TG5
Splice-altering	1	TPCN1
Splice-altering	1	TPCN2
Splice-altering	1	TPM2
Splice-altering	1	TPM4
Splice-altering	1	TPMT
Splice-altering	1	TPRKB
Splice-altering	1	TPT1
Splice-altering	1	TRA2A
Splice-altering	1	TRABD2A
Splice-altering	1	TRAC
Splice-altering	1	TRAF1
Splice-altering	1	TRAF2
Splice-altering	1	TRAF3IP1
Splice-altering	1	TRAF6
Splice-altering	1	TRAIP
Splice-altering	1	TRANK1
Splice-altering	1	TRAPPC1
Splice-altering	1	TRAPPC10
Splice-altering	1	TREM2
Splice-altering	1	TRERF1
Splice-altering	1	TREX2
Splice-altering	1	TRHDE
Splice-altering	1	TRIAP1
Splice-altering	1	TRIM11
Splice-altering	1	TRIM21
Splice-altering	1	TRIM22
Splice-altering	1	TRIM23
Splice-altering	1	TRIM27
Splice-altering	1	TRIM36
Splice-altering	1	TRIM37
Splice-altering	1	TRIM5
Splice-altering	1	TRIM54
Splice-altering	1	TRIM67
Splice-altering	1	TRIP10
Splice-altering	1	TRIP11
Splice-altering	1	TRIP13
Splice-altering	1	TRIP4
Splice-altering	1	TRIP6
Splice-altering	1	TRIT1
Splice-altering	1	TRMT1
Splice-altering	1	TRMT10B
Splice-altering	1	TRMT112
Splice-altering	1	TRMT1L
Splice-altering	1	TRMT5
Splice-altering	1	TRMT6
Splice-altering	1	TRMU
Splice-altering	1	TRPA1
Splice-altering	1	TRPC4AP
Splice-altering	1	TRPM3
Splice-altering	1	TRPV2
Splice-altering	1	TRUB2
Splice-altering	1	TSACC
Splice-altering	1	TSC22D4
Splice-altering	1	TSEN54
Splice-altering	1	TSFM
Splice-altering	1	TSNAXIP1
Splice-altering	1	TSPAN14
Splice-altering	1	TSPAN16
Splice-altering	1	TSPAN19
Splice-altering	1	TSPAN31
Splice-altering	1	TSPAN4
Splice-altering	1	TSPAN8
Splice-altering	1	TSR1
Splice-altering	1	TSTD3
Splice-altering	1	TTC13
Splice-altering	1	TTC21B
Splice-altering	1	TTC39A
Splice-altering	1	TTC4
Splice-altering	1	TTC6
Splice-altering	1	TTC7B
Splice-altering	1	TTC8
Splice-altering	1	TTI2
Splice-altering	1	TTK
Splice-altering	1	TTLL9
Splice-altering	1	TTPA
Splice-altering	1	TTYH3
Splice-altering	1	TUBA1B
Splice-altering	1	TUBA1C
Splice-altering	1	TUBA4A
Splice-altering	1	TUBB6
Splice-altering	1	TUBG2
Splice-altering	1	TUBGCP2
Splice-altering	1	TUBGCP3
Splice-altering	1	TUFM
Splice-altering	1	TUT7
Splice-altering	1	TVP23B
Splice-altering	1	TWF1
Splice-altering	1	TXLNA
Splice-altering	1	TXN
Splice-altering	1	TXN2
Splice-altering	1	TXNDC11
Splice-altering	1	TXNDC12
Splice-altering	1	TXNDC16
Splice-altering	1	TXNDC17
Splice-altering	1	TXNDC9
Splice-altering	1	TXNL1
Splice-altering	1	TYMP
Splice-altering	1	TYMS
Splice-altering	1	TYSND1
Splice-altering	1	U2AF1L4
Splice-altering	1	UBA1
Splice-altering	1	UBA52
Splice-altering	1	UBA7
Splice-altering	1	UBAC1
Splice-altering	1	UBAC2
Splice-altering	1	UBALD2
Splice-altering	1	UBAP1
Splice-altering	1	UBAP2
Splice-altering	1	UBE2B
Splice-altering	1	UBE2C
Splice-altering	1	UBE2D3
Splice-altering	1	UBE2E3
Splice-altering	1	UBE2G1
Splice-altering	1	UBE2G2
Splice-altering	1	UBE2I
Splice-altering	1	UBE2J1
Splice-altering	1	UBE2J2
Splice-altering	1	UBE2L3
Splice-altering	1	UBE2L6
Splice-altering	1	UBE2O
Splice-altering	1	UBE2T
Splice-altering	1	UBE2W
Splice-altering	1	UBE3C
Splice-altering	1	UBE3D
Splice-altering	1	UBE4B
Splice-altering	1	UBL5
Splice-altering	1	UBL7
Splice-altering	1	UBLCP1
Splice-altering	1	UBN1
Splice-altering	1	UBQLN1
Splice-altering	1	UBQLN4
Splice-altering	1	UBR7
Splice-altering	1	UCHL3
Splice-altering	1	UCHL5
Splice-altering	1	UCK2
Splice-altering	1	UEVLD
Splice-altering	1	UFC1
Splice-altering	1	UFM1
Splice-altering	1	UFSP2
Splice-altering	1	UGT2A1
Splice-altering	1	UGT2A2
Splice-altering	1	ULBP2
Splice-altering	1	ULK4
Splice-altering	1	UNC50
Splice-altering	1	UNK
Splice-altering	1	UPF3A
Splice-altering	1	UPF3B
Splice-altering	1	UPK1B
Splice-altering	1	UPK3BP1
Splice-altering	1	UQCC3
Splice-altering	1	UQCC5
Splice-altering	1	UQCC6
Splice-altering	1	UQCRB
Splice-altering	1	UQCRC2
Splice-altering	1	UQCRH
Splice-altering	1	URB1
Splice-altering	1	URGCP
Splice-altering	1	URGCP-MRPS24
Splice-altering	1	UROD
Splice-altering	1	UROS
Splice-altering	1	USB1
Splice-altering	1	USF2
Splice-altering	1	USH1C
Splice-altering	1	USHBP1
Splice-altering	1	USO1
Splice-altering	1	USP1
Splice-altering	1	USP10
Splice-altering	1	USP13
Splice-altering	1	USP22
Splice-altering	1	USP30
Splice-altering	1	USP32
Splice-altering	1	USP38
Splice-altering	1	USP4
Splice-altering	1	USP40
Splice-altering	1	USP42
Splice-altering	1	USP43
Splice-altering	1	USP5
Splice-altering	1	USP50
Splice-altering	1	USP53
Splice-altering	1	USP8
Splice-altering	1	USPL1
Splice-altering	1	UTP18
Splice-altering	1	UXS1
Splice-altering	1	VAMP1
Splice-altering	1	VANGL1
Splice-altering	1	VASH1
Splice-altering	1	VAV1
Splice-altering	1	VAV2
Splice-altering	1	VCAN
Splice-altering	1	VCP
Splice-altering	1	VDAC2
Splice-altering	1	VEGFA
Splice-altering	1	VEZT
Splice-altering	1	VIL1
Splice-altering	1	VOPP1
Splice-altering	1	VPS13B
Splice-altering	1	VPS33A
Splice-altering	1	VPS36
Splice-altering	1	VPS37A
Splice-altering	1	VPS37C
Splice-altering	1	VPS4A
Splice-altering	1	VPS9D1
Splice-altering	1	VRK1
Splice-altering	1	VRK2
Splice-altering	1	VWA5B2
Splice-altering	1	WARS2
Splice-altering	1	WASF1
Splice-altering	1	WASHC4
Splice-altering	1	WASHC5
Splice-altering	1	WASL
Splice-altering	1	WBP1
Splice-altering	1	WBP1L
Splice-altering	1	WDFY1
Splice-altering	1	WDHD1
Splice-altering	1	WDR1
Splice-altering	1	WDR11
Splice-altering	1	WDR19
Splice-altering	1	WDR27
Splice-altering	1	WDR37
Splice-altering	1	WDR46
Splice-altering	1	WDR59
Splice-altering	1	WDR6
Splice-altering	1	WDR7
Splice-altering	1	WDR72
Splice-altering	1	WDR73
Splice-altering	1	WDR74
Splice-altering	1	WDR76
Splice-altering	1	WDR77
Splice-altering	1	WDTC1
Splice-altering	1	WHRN
Splice-altering	1	WIF1
Splice-altering	1	WIPI2
Splice-altering	1	WNK2
Splice-altering	1	WRAP53
Splice-altering	1	WRAP73
Splice-altering	1	WSB2
Splice-altering	1	WWC1
Splice-altering	1	WWC3
Splice-altering	1	XPNPEP1
Splice-altering	1	XPNPEP2
Splice-altering	1	XPNPEP3
Splice-altering	1	XPO1
Splice-altering	1	XPR1
Splice-altering	1	XRCC4
Splice-altering	1	YAF2
Splice-altering	1	YBX1
Splice-altering	1	YBX2
Splice-altering	1	YES1
Splice-altering	1	YIPF1
Splice-altering	1	YIPF3
Splice-altering	1	YIPF4
Splice-altering	1	YIPF6
Splice-altering	1	YJEFN3
Splice-altering	1	YPEL1
Splice-altering	1	YTHDF3
Splice-altering	1	YWHAB
Splice-altering	1	YWHAE
Splice-altering	1	YWHAH
Splice-altering	1	YY1
Splice-altering	1	ZACN
Splice-altering	1	ZBBX
Splice-altering	1	ZBTB17
Splice-altering	1	ZBTB25
Splice-altering	1	ZC3H15
Splice-altering	1	ZC3H4
Splice-altering	1	ZC3H7B
Splice-altering	1	ZCCHC14
Splice-altering	1	ZCCHC17
Splice-altering	1	ZCCHC9
Splice-altering	1	ZCRB1
Splice-altering	1	ZDHHC15
Splice-altering	1	ZDHHC16
Splice-altering	1	ZDHHC18
Splice-altering	1	ZDHHC2
Splice-altering	1	ZDHHC4
Splice-altering	1	ZDHHC6
Splice-altering	1	ZER1
Splice-altering	1	ZFAND1
Splice-altering	1	ZFAND4
Splice-altering	1	ZFAND5
Splice-altering	1	ZFAND6
Splice-altering	1	ZFAT
Splice-altering	1	ZFC3H1
Splice-altering	1	ZFP36L2
Splice-altering	1	ZFPL1
Splice-altering	1	ZFX
Splice-altering	1	ZFYVE1
Splice-altering	1	ZFYVE16
Splice-altering	1	ZHX1-C8orf76
Splice-altering	1	ZKSCAN1
Splice-altering	1	ZMYM4
Splice-altering	1	ZMYM5
Splice-altering	1	ZMYND11
Splice-altering	1	ZMYND12
Splice-altering	1	ZNF106
Splice-altering	1	ZNF117
Splice-altering	1	ZNF155
Splice-altering	1	ZNF160
Splice-altering	1	ZNF174
Splice-altering	1	ZNF18
Splice-altering	1	ZNF185
Splice-altering	1	ZNF200
Splice-altering	1	ZNF219
Splice-altering	1	ZNF226
Splice-altering	1	ZNF236
Splice-altering	1	ZNF248
Splice-altering	1	ZNF254
Splice-altering	1	ZNF267
Splice-altering	1	ZNF275
Splice-altering	1	ZNF277
Splice-altering	1	ZNF284
Splice-altering	1	ZNF300
Splice-altering	1	ZNF317
Splice-altering	1	ZNF318
Splice-altering	1	ZNF32
Splice-altering	1	ZNF330
Splice-altering	1	ZNF343
Splice-altering	1	ZNF362
Splice-altering	1	ZNF394
Splice-altering	1	ZNF415
Splice-altering	1	ZNF432
Splice-altering	1	ZNF440
Splice-altering	1	ZNF446
Splice-altering	1	ZNF451
Splice-altering	1	ZNF462
Splice-altering	1	ZNF480
Splice-altering	1	ZNF511
Splice-altering	1	ZNF511-PRAP1
Splice-altering	1	ZNF512
Splice-altering	1	ZNF516
Splice-altering	1	ZNF544
Splice-altering	1	ZNF555
Splice-altering	1	ZNF562
Splice-altering	1	ZNF576
Splice-altering	1	ZNF577
Splice-altering	1	ZNF609
Splice-altering	1	ZNF610
Splice-altering	1	ZNF620
Splice-altering	1	ZNF653
Splice-altering	1	ZNF669
Splice-altering	1	ZNF687
Splice-altering	1	ZNF688
Splice-altering	1	ZNF692
Splice-altering	1	ZNF7
Splice-altering	1	ZNF714
Splice-altering	1	ZNF738
Splice-altering	1	ZNF740
Splice-altering	1	ZNF761
Splice-altering	1	ZNF764
Splice-altering	1	ZNF768
Splice-altering	1	ZNF772
Splice-altering	1	ZNF775
Splice-altering	1	ZNF780B
Splice-altering	1	ZNF789
Splice-altering	1	ZNF790
Splice-altering	1	ZNF813
Splice-altering	1	ZNF816
Splice-altering	1	ZNF816-ZNF321P
Splice-altering	1	ZNF821
Splice-altering	1	ZNF83
Splice-altering	1	ZNG1F
Splice-altering	1	ZNHIT6
Splice-altering	1	ZNRF3
Splice-altering	1	ZP3
Splice-altering	1	ZPBP2
Splice-altering	1	ZPR1
Splice-altering	1	ZRANB3
Splice-altering	1	ZRSR2
Splice-altering	1	ZSCAN21
Splice-altering	1	ZSCAN26
Splice-altering	1	ZSWIM8
Splice-altering	1	ZXDC
Splice-altering	1	ZYG11B
Splice-altering	2	A2M
Splice-altering	2	ABCA12
Splice-altering	2	ABCA7
Splice-altering	2	ABCA9
Splice-altering	2	ABCC9
Splice-altering	2	ABCD3
Splice-altering	2	ABITRAM
Splice-altering	2	ABLIM2
Splice-altering	2	ABRACL
Splice-altering	2	ACADM
Splice-altering	2	ACADVL
Splice-altering	2	ACBD6
Splice-altering	2	ACMSD
Splice-altering	2	ACO2
Splice-altering	2	ACP1
Splice-altering	2	ACRBP
Splice-altering	2	ACSM3
Splice-altering	2	ACSS2
Splice-altering	2	ACSS3
Splice-altering	2	ACTB
Splice-altering	2	ACTR5
Splice-altering	2	ADAMTS14
Splice-altering	2	ADAMTS18
Splice-altering	2	ADAP2
Splice-altering	2	ADGRL1
Splice-altering	2	ADGRL2
Splice-altering	2	ADGRL3
Splice-altering	2	ADH5
Splice-altering	2	ADK
Splice-altering	2	ADSL
Splice-altering	2	ADSS2
Splice-altering	2	AFAP1L1
Splice-altering	2	AGFG2
Splice-altering	2	AGGF1
Splice-altering	2	AGTPBP1
Splice-altering	2	AHCTF1
Splice-altering	2	AHCY
Splice-altering	2	AHSA2P
Splice-altering	2	AK8
Splice-altering	2	AKAP8L
Splice-altering	2	AKAP9
Splice-altering	2	AKIRIN2
Splice-altering	2	AKNAD1
Splice-altering	2	AKT2
Splice-altering	2	AKT3
Splice-altering	2	ALCAM
Splice-altering	2	ALDH2
Splice-altering	2	ALDH7A1
Splice-altering	2	ALDOA
Splice-altering	2	ALMS1
Splice-altering	2	ALPL
Splice-altering	2	AMD1
Splice-altering	2	AMFR
Splice-altering	2	ANAPC2
Splice-altering	2	ANAPC4
Splice-altering	2	ANKFY1
Splice-altering	2	ANKLE2
Splice-altering	2	ANKS1A
Splice-altering	2	ANKZF1
Splice-altering	2	ANO6
Splice-altering	2	ANO8
Splice-altering	2	ANP32B
Splice-altering	2	ANTXR1
Splice-altering	2	ANXA1
Splice-altering	2	ANXA7
Splice-altering	2	AOX1
Splice-altering	2	AP1AR
Splice-altering	2	AP2A1
Splice-altering	2	AP3S2
Splice-altering	2	AP4S1
Splice-altering	2	AP5Z1
Splice-altering	2	APH1A
Splice-altering	2	API5
Splice-altering	2	APOB
Splice-altering	2	APOLD1
Splice-altering	2	AQR
Splice-altering	2	ARAP3
Splice-altering	2	ARFGAP1
Splice-altering	2	ARFGEF2
Splice-altering	2	ARFGEF3
Splice-altering	2	ARHGAP17
Splice-altering	2	ARHGAP18
Splice-altering	2	ARHGAP29
Splice-altering	2	ARHGAP32
Splice-altering	2	ARHGAP42
Splice-altering	2	ARHGAP5
Splice-altering	2	ARHGEF17
Splice-altering	2	ARHGEF33
Splice-altering	2	ARL2BP
Splice-altering	2	ARMC1
Splice-altering	2	ARMH4
Splice-altering	2	ARPC1A
Splice-altering	2	ARPC1B
Splice-altering	2	ARPC2
Splice-altering	2	ARPIN-AP3S2
Splice-altering	2	ARVCF
Splice-altering	2	ASAP1
Splice-altering	2	ASNS
Splice-altering	2	ATAD2
Splice-altering	2	ATE1
Splice-altering	2	ATG16L1
Splice-altering	2	ATG4C
Splice-altering	2	ATG9A
Splice-altering	2	ATL2
Splice-altering	2	ATMIN
Splice-altering	2	ATP11B
Splice-altering	2	ATP13A4
Splice-altering	2	ATP2A2
Splice-altering	2	ATP5F1A
Splice-altering	2	ATP6V0A4
Splice-altering	2	ATP6V0B
Splice-altering	2	ATP6V0D1
Splice-altering	2	ATP6V1A
Splice-altering	2	ATP6V1D
Splice-altering	2	ATP6V1H
Splice-altering	2	ATP9A
Splice-altering	2	ATXN10
Splice-altering	2	AUP1
Splice-altering	2	AVEN
Splice-altering	2	AXIN2
Splice-altering	2	B4GALNT1
Splice-altering	2	BABAM2
Splice-altering	2	BAIAP2
Splice-altering	2	BAK1
Splice-altering	2	BAZ1A
Splice-altering	2	BAZ1B
Splice-altering	2	BBOF1
Splice-altering	2	BBS1
Splice-altering	2	BBX
Splice-altering	2	BCAP31
Splice-altering	2	BCAS3
Splice-altering	2	BCAT2
Splice-altering	2	BCCIP
Splice-altering	2	BCKDHA
Splice-altering	2	BCKDK
Splice-altering	2	BCORL1
Splice-altering	2	BCR
Splice-altering	2	BDP1
Splice-altering	2	BET1
Splice-altering	2	BFAR
Splice-altering	2	BIN1
Splice-altering	2	BIRC2
Splice-altering	2	BLM
Splice-altering	2	BLMH
Splice-altering	2	BMS1
Splice-altering	2	BNIP2
Splice-altering	2	BOD1L1
Splice-altering	2	BORCS8-MEF2B
Splice-altering	2	BRD4
Splice-altering	2	BRWD1
Splice-altering	2	BRWD3
Splice-altering	2	BSDC1
Splice-altering	2	BSG
Splice-altering	2	BTBD8
Splice-altering	2	BUB1
Splice-altering	2	BUB1B
Splice-altering	2	BUD23
Splice-altering	2	BZW1
Splice-altering	2	C19orf44
Splice-altering	2	C19orf47
Splice-altering	2	C1S
Splice-altering	2	C1orf43
Splice-altering	2	C20orf96
Splice-altering	2	CABIN1
Splice-altering	2	CACNA2D1
Splice-altering	2	CACNA2D4
Splice-altering	2	CACNB2
Splice-altering	2	CALCOCO1
Splice-altering	2	CALM1
Splice-altering	2	CALR
Splice-altering	2	CAMK2G
Splice-altering	2	CAMKK2
Splice-altering	2	CAMLG
Splice-altering	2	CAMSAP1
Splice-altering	2	CAMSAP2
Splice-altering	2	CAND1
Splice-altering	2	CAND2
Splice-altering	2	CAPNS1
Splice-altering	2	CAPZA2
Splice-altering	2	CARD11
Splice-altering	2	CARS2
Splice-altering	2	CASC3
Splice-altering	2	CASP6
Splice-altering	2	CBS
Splice-altering	2	CBX3
Splice-altering	2	CBX5
Splice-altering	2	CCAR1
Splice-altering	2	CCAR2
Splice-altering	2	CCDC127
Splice-altering	2	CCDC134
Splice-altering	2	CCDC186
Splice-altering	2	CCDC27
Splice-altering	2	CCDC50
Splice-altering	2	CCDC90B
Splice-altering	2	CCHCR1
Splice-altering	2	CCNB1
Splice-altering	2	CCNE1
Splice-altering	2	CCNI
Splice-altering	2	CCNY
Splice-altering	2	CCSER2
Splice-altering	2	CCT3
Splice-altering	2	CCT4
Splice-altering	2	CCZ1
Splice-altering	2	CD109
Splice-altering	2	CD44
Splice-altering	2	CD47
Splice-altering	2	CD70
Splice-altering	2	CD99
Splice-altering	2	CD99L2
Splice-altering	2	CDC23
Splice-altering	2	CDC25A
Splice-altering	2	CDC25C
Splice-altering	2	CDC42BPG
Splice-altering	2	CDC6
Splice-altering	2	CDCA2
Splice-altering	2	CDCA5
Splice-altering	2	CDCA8
Splice-altering	2	CDCP1
Splice-altering	2	CDH19
Splice-altering	2	CDH23
Splice-altering	2	CDH3
Splice-altering	2	CDHR2
Splice-altering	2	CDK1
Splice-altering	2	CDK11B
Splice-altering	2	CDK12
Splice-altering	2	CDK20
Splice-altering	2	CDKAL1
Splice-altering	2	CDKN1B
Splice-altering	2	CEACAM16
Splice-altering	2	CELF1
Splice-altering	2	CELSR2
Splice-altering	2	CELSR3
Splice-altering	2	CENPA
Splice-altering	2	CENPE
Splice-altering	2	CENPK
Splice-altering	2	CENPP
Splice-altering	2	CEP112
Splice-altering	2	CEP120
Splice-altering	2	CEP192
Splice-altering	2	CEP290
Splice-altering	2	CEP76
Splice-altering	2	CERCAM
Splice-altering	2	CERS2
Splice-altering	2	CERS5
Splice-altering	2	CES2
Splice-altering	2	CETN3
Splice-altering	2	CFAP92
Splice-altering	2	CFB
Splice-altering	2	CFL1
Splice-altering	2	CHD2
Splice-altering	2	CHKB
Splice-altering	2	CHUK
Splice-altering	2	CKAP5
Splice-altering	2	CLASP1
Splice-altering	2	CLCC1
Splice-altering	2	CLK2
Splice-altering	2	CLMN
Splice-altering	2	CLPTM1L
Splice-altering	2	CLSPN
Splice-altering	2	CLTC
Splice-altering	2	CMPK1
Splice-altering	2	CNDP2
Splice-altering	2	CNOT11
Splice-altering	2	CNTNAP4
Splice-altering	2	CNTRL
Splice-altering	2	COBLL1
Splice-altering	2	COG2
Splice-altering	2	COG5
Splice-altering	2	COG7
Splice-altering	2	COL21A1
Splice-altering	2	COL6A2
Splice-altering	2	COL9A3
Splice-altering	2	COLQ
Splice-altering	2	COMMD2
Splice-altering	2	COMMD3
Splice-altering	2	COMMD3-BMI1
Splice-altering	2	COPB1
Splice-altering	2	COPG1
Splice-altering	2	COPG2
Splice-altering	2	COPS7B
Splice-altering	2	CORO1C
Splice-altering	2	COX17
Splice-altering	2	COX4I1
Splice-altering	2	CPEB2
Splice-altering	2	CPNE1
Splice-altering	2	CPNE3
Splice-altering	2	CPT1B
Splice-altering	2	CPVL
Splice-altering	2	CREB3
Splice-altering	2	CRTC2
Splice-altering	2	CRYBG2
Splice-altering	2	CRYZL1
Splice-altering	2	CRYZL2P-SEC16B
Splice-altering	2	CS
Splice-altering	2	CSF1
Splice-altering	2	CSK
Splice-altering	2	CSNK2A1
Splice-altering	2	CSNK2B
Splice-altering	2	CST3
Splice-altering	2	CSTF1
Splice-altering	2	CSTF3
Splice-altering	2	CTDP1
Splice-altering	2	CTH
Splice-altering	2	CTIF
Splice-altering	2	CTRC
Splice-altering	2	CTSL
Splice-altering	2	CTTNBP2
Splice-altering	2	CUEDC1
Splice-altering	2	CUEDC2
Splice-altering	2	CUL4B
Splice-altering	2	CUX1
Splice-altering	2	CYB5R1
Splice-altering	2	CYP4V2
Splice-altering	2	CYP4Z1
Splice-altering	2	CYP51A1
Splice-altering	2	CYRIB
Splice-altering	2	DAB1
Splice-altering	2	DAGLB
Splice-altering	2	DARS1
Splice-altering	2	DARS2
Splice-altering	2	DBI
Splice-altering	2	DBN1
Splice-altering	2	DCAF1
Splice-altering	2	DCAF11
Splice-altering	2	DCAF12
Splice-altering	2	DCAF6
Splice-altering	2	DCBLD1
Splice-altering	2	DCDC1
Splice-altering	2	DCP1A
Splice-altering	2	DCP2
Splice-altering	2	DCTN1
Splice-altering	2	DDA1
Splice-altering	2	DDRGK1
Splice-altering	2	DDX19A
Splice-altering	2	DDX23
Splice-altering	2	DDX39A
Splice-altering	2	DDX41
Splice-altering	2	DDX47
Splice-altering	2	DDX52
Splice-altering	2	DDX59
Splice-altering	2	DDX60L
Splice-altering	2	DECR1
Splice-altering	2	DEK
Splice-altering	2	DENND2C
Splice-altering	2	DENND4B
Splice-altering	2	DEPDC1
Splice-altering	2	DES
Splice-altering	2	DESI1
Splice-altering	2	DGAT1
Splice-altering	2	DGKI
Splice-altering	2	DHDDS
Splice-altering	2	DHRS4
Splice-altering	2	DHTKD1
Splice-altering	2	DHX16
Splice-altering	2	DHX35
Splice-altering	2	DHX38
Splice-altering	2	DHX40
Splice-altering	2	DHX8
Splice-altering	2	DIAPH3
Splice-altering	2	DIP2C
Splice-altering	2	DLD
Splice-altering	2	DLG1
Splice-altering	2	DLG3
Splice-altering	2	DMKN
Splice-altering	2	DMTF1
Splice-altering	2	DNAH14
Splice-altering	2	DNAJB6
Splice-altering	2	DNAJC10
Splice-altering	2	DNAJC11
Splice-altering	2	DNAJC14
Splice-altering	2	DNAJC16
Splice-altering	2	DNAJC17
Splice-altering	2	DNAJC19
Splice-altering	2	DNER
Splice-altering	2	DNMT3A
Splice-altering	2	DNMT3B
Splice-altering	2	DNTT
Splice-altering	2	DOCK11
Splice-altering	2	DOCK4
Splice-altering	2	DOCK6
Splice-altering	2	DOCK8
Splice-altering	2	DOP1A
Splice-altering	2	DPP7
Splice-altering	2	DPY30
Splice-altering	2	DPYD
Splice-altering	2	DRG1
Splice-altering	2	DSC2
Splice-altering	2	DSG2
Splice-altering	2	DTNB
Splice-altering	2	DUS1L
Splice-altering	2	DUS2
Splice-altering	2	DVL2
Splice-altering	2	DVL3
Splice-altering	2	DYNC2I1
Splice-altering	2	DYNC2I2
Splice-altering	2	DYRK1B
Splice-altering	2	E4F1
Splice-altering	2	EBNA1BP2
Splice-altering	2	ECE1
Splice-altering	2	ECSIT
Splice-altering	2	EDC3
Splice-altering	2	EEA1
Splice-altering	2	EEF2
Splice-altering	2	EEIG1
Splice-altering	2	EFCAB14
Splice-altering	2	EFTUD2
Splice-altering	2	EGFR
Splice-altering	2	EGLN2
Splice-altering	2	EHD4
Splice-altering	2	EHMT1
Splice-altering	2	EIF1
Splice-altering	2	EIF1AX
Splice-altering	2	EIF2AK4
Splice-altering	2	EIF2B1
Splice-altering	2	EIF2B2
Splice-altering	2	EIF2S1
Splice-altering	2	EIF3L
Splice-altering	2	EIF4A1
Splice-altering	2	EIF4G2
Splice-altering	2	EIF5A
Splice-altering	2	ELMO2
Splice-altering	2	ELMOD2
Splice-altering	2	ELN
Splice-altering	2	ELOA
Splice-altering	2	EMC10
Splice-altering	2	EME2
Splice-altering	2	EML2
Splice-altering	2	ENG
Splice-altering	2	ENOSF1
Splice-altering	2	ENOX2
Splice-altering	2	ENTR1
Splice-altering	2	ENTREP3
Splice-altering	2	EPB41
Splice-altering	2	EPB41L3
Splice-altering	2	EPCAM
Splice-altering	2	EPHA4
Splice-altering	2	EPS8L1
Splice-altering	2	ERCC2
Splice-altering	2	ERCC6
Splice-altering	2	ERG28
Splice-altering	2	ERMP1
Splice-altering	2	ERO1A
Splice-altering	2	ERRFI1
Splice-altering	2	ETV6
Splice-altering	2	EXD2
Splice-altering	2	EXOC1
Splice-altering	2	EXOSC9
Splice-altering	2	EXT2
Splice-altering	2	EYA2
Splice-altering	2	EYA4
Splice-altering	2	F11R
Splice-altering	2	FAF1
Splice-altering	2	FAH
Splice-altering	2	FAM177A1
Splice-altering	2	FAM193A
Splice-altering	2	FAM32A
Splice-altering	2	FANCI
Splice-altering	2	FARP2
Splice-altering	2	FARS2
Splice-altering	2	FARSB
Splice-altering	2	FASTKD2
Splice-altering	2	FBLIM1
Splice-altering	2	FBLN1
Splice-altering	2	FBXL2
Splice-altering	2	FBXO7
Splice-altering	2	FBXO8
Splice-altering	2	FBXO9
Splice-altering	2	FBXW11
Splice-altering	2	FBXW5
Splice-altering	2	FCHO2
Splice-altering	2	FCHSD1
Splice-altering	2	FDFT1
Splice-altering	2	FEZ1
Splice-altering	2	FGFR1OP2
Splice-altering	2	FGGY
Splice-altering	2	FHIT
Splice-altering	2	FKBP8
Splice-altering	2	FKTN
Splice-altering	2	FLVCR2
Splice-altering	2	FMNL3
Splice-altering	2	FOXA1
Splice-altering	2	FRK
Splice-altering	2	FRMD4B
Splice-altering	2	FRMD6
Splice-altering	2	FRS3
Splice-altering	2	FTH1
Splice-altering	2	FXR1
Splice-altering	2	GAA
Splice-altering	2	GABARAPL2
Splice-altering	2	GABPA
Splice-altering	2	GABPB1
Splice-altering	2	GALC
Splice-altering	2	GALNT1
Splice-altering	2	GALNT7
Splice-altering	2	GALT
Splice-altering	2	GBP4
Splice-altering	2	GCDH
Splice-altering	2	GCH1
Splice-altering	2	GCSH
Splice-altering	2	GET3
Splice-altering	2	GGA2
Splice-altering	2	GGA3
Splice-altering	2	GGNBP1
Splice-altering	2	GGNBP2
Splice-altering	2	GLB1
Splice-altering	2	GLE1
Splice-altering	2	GLI1
Splice-altering	2	GLUD1
Splice-altering	2	GLUL
Splice-altering	2	GMPS
Splice-altering	2	GNAI1
Splice-altering	2	GNL3
Splice-altering	2	GOLGA1
Splice-altering	2	GOLGA2
Splice-altering	2	GOLGA7
Splice-altering	2	GPBP1L1
Splice-altering	2	GPCPD1
Splice-altering	2	GPN1
Splice-altering	2	GPR107
Splice-altering	2	GPR143
Splice-altering	2	GPS1
Splice-altering	2	GPSM2
Splice-altering	2	GRIA2
Splice-altering	2	GRIN2D
Splice-altering	2	GRIPAP1
Splice-altering	2	GSAP
Splice-altering	2	GSS
Splice-altering	2	GSTM5
Splice-altering	2	GTF2E2
Splice-altering	2	GTF2F2
Splice-altering	2	GTF2H1
Splice-altering	2	GTF3C3
Splice-altering	2	GTF3C6
Splice-altering	2	GTPBP10
Splice-altering	2	GUK1
Splice-altering	2	HADH
Splice-altering	2	HADHB
Splice-altering	2	HAUS4
Splice-altering	2	HDAC1
Splice-altering	2	HDAC6
Splice-altering	2	HDAC7
Splice-altering	2	HDGFL2
Splice-altering	2	HEATR3
Splice-altering	2	HELZ
Splice-altering	2	HERC4
Splice-altering	2	HERC6
Splice-altering	2	HID1
Splice-altering	2	HIF1A
Splice-altering	2	HKDC1
Splice-altering	2	HMGCR
Splice-altering	2	HMGN4
Splice-altering	2	HNF1A
Splice-altering	2	HNF4G
Splice-altering	2	HNRNPC
Splice-altering	2	HNRNPLL
Splice-altering	2	HNRNPUL2
Splice-altering	2	HOGA1
Splice-altering	2	HPS1
Splice-altering	2	HSP90AA1
Splice-altering	2	HSP90B1
Splice-altering	2	HSPA8
Splice-altering	2	HSPA9
Splice-altering	2	HSPD1
Splice-altering	2	HYOU1
Splice-altering	2	ICE2
Splice-altering	2	IDH1
Splice-altering	2	IDNK
Splice-altering	2	IFI16
Splice-altering	2	IFI27
Splice-altering	2	IFIH1
Splice-altering	2	IFT122
Splice-altering	2	IFT172
Splice-altering	2	IFT43
Splice-altering	2	IFT52
Splice-altering	2	IFT57
Splice-altering	2	IFT81
Splice-altering	2	IGHMBP2
Splice-altering	2	IKBKE
Splice-altering	2	IL13RA1
Splice-altering	2	IL17RB
Splice-altering	2	IL20
Splice-altering	2	IL20RB
Splice-altering	2	IL2RG
Splice-altering	2	IL3RA
Splice-altering	2	IL4I1
Splice-altering	2	ILK
Splice-altering	2	ILVBL
Splice-altering	2	IMMP1L
Splice-altering	2	INCENP
Splice-altering	2	ING5
Splice-altering	2	INO80B-WBP1
Splice-altering	2	INO80E
Splice-altering	2	INTS10
Splice-altering	2	INTS11
Splice-altering	2	INTS14
Splice-altering	2	INTS6
Splice-altering	2	INTS8
Splice-altering	2	INVS
Splice-altering	2	IPO11
Splice-altering	2	IPO4
Splice-altering	2	IPO5
Splice-altering	2	IPO9
Splice-altering	2	IQCG
Splice-altering	2	IQGAP1
Splice-altering	2	IRAK1
Splice-altering	2	IRAK1BP1
Splice-altering	2	ISOC2
Splice-altering	2	IST1
Splice-altering	2	ISY1
Splice-altering	2	ISY1-RAB43
Splice-altering	2	ISYNA1
Splice-altering	2	ITCH
Splice-altering	2	ITFG1
Splice-altering	2	ITGA2B
Splice-altering	2	ITGA7
Splice-altering	2	ITGB1
Splice-altering	2	ITIH6
Splice-altering	2	ITPR2
Splice-altering	2	IWS1
Splice-altering	2	JAK1
Splice-altering	2	JAKMIP2
Splice-altering	2	JAKMIP3
Splice-altering	2	JOSD1
Splice-altering	2	JUP
Splice-altering	2	KANK2
Splice-altering	2	KAT2A
Splice-altering	2	KAT8
Splice-altering	2	KATNA1
Splice-altering	2	KATNBL1
Splice-altering	2	KATNIP
Splice-altering	2	KCND2
Splice-altering	2	KCNN4
Splice-altering	2	KCNQ2
Splice-altering	2	KDELR1
Splice-altering	2	KDELR2
Splice-altering	2	KDM1A
Splice-altering	2	KDM1B
Splice-altering	2	KDM2A
Splice-altering	2	KDM2B
Splice-altering	2	KDM4B
Splice-altering	2	KDM5A
Splice-altering	2	KDM8
Splice-altering	2	KDSR
Splice-altering	2	KHDRBS3
Splice-altering	2	KIAA0930
Splice-altering	2	KIAA1522
Splice-altering	2	KIF1C
Splice-altering	2	KIFC3
Splice-altering	2	KLF3
Splice-altering	2	KLF6
Splice-altering	2	KLHDC4
Splice-altering	2	KLHL20
Splice-altering	2	KMO
Splice-altering	2	KMT5C
Splice-altering	2	KPNB1
Splice-altering	2	KRBA1
Splice-altering	2	KRIT1
Splice-altering	2	KRR1
Splice-altering	2	KRT17
Splice-altering	2	KRT19
Splice-altering	2	KRTCAP2
Splice-altering	2	KXD1
Splice-altering	2	L1CAM
Splice-altering	2	L2HGDH
Splice-altering	2	LAMA3
Splice-altering	2	LAMB1
Splice-altering	2	LAMP1
Splice-altering	2	LAMP2
Splice-altering	2	LANCL1
Splice-altering	2	LBP
Splice-altering	2	LDHB
Splice-altering	2	LDHD
Splice-altering	2	LEF1
Splice-altering	2	LEMD2
Splice-altering	2	LEO1
Splice-altering	2	LGR5
Splice-altering	2	LIG1
Splice-altering	2	LILRB2
Splice-altering	2	LIN9
Splice-altering	2	LIPA
Splice-altering	2	LLGL1
Splice-altering	2	LLGL2
Splice-altering	2	LLPH
Splice-altering	2	LMBR1
Splice-altering	2	LMO4
Splice-altering	2	LMTK2
Splice-altering	2	LNCRNA-IUR
Splice-altering	2	LONRF1
Splice-altering	2	LPCAT4
Splice-altering	2	LPIN2
Splice-altering	2	LRCH4
Splice-altering	2	LRRFIP2
Splice-altering	2	LSM8
Splice-altering	2	LSR
Splice-altering	2	LTV1
Splice-altering	2	LUC7L
Splice-altering	2	LYST
Splice-altering	2	MACROD1
Splice-altering	2	MAD2L1
Splice-altering	2	MAEA
Splice-altering	2	MAGEA4
Splice-altering	2	MAGOH
Splice-altering	2	MAN2A1
Splice-altering	2	MAP1LC3B
Splice-altering	2	MAP2K6
Splice-altering	2	MAP3K10
Splice-altering	2	MAP3K11
Splice-altering	2	MAP3K12
Splice-altering	2	MAP3K13
Splice-altering	2	MAP3K4
Splice-altering	2	MAP3K6
Splice-altering	2	MAP4
Splice-altering	2	MAP7D3
Splice-altering	2	MAPK14
Splice-altering	2	MAPK15
Splice-altering	2	MAPK9
Splice-altering	2	MAT2A
Splice-altering	2	MATR3
Splice-altering	2	MBNL1
Splice-altering	2	MBNL2
Splice-altering	2	MCM6
Splice-altering	2	MCMBP
Splice-altering	2	MCRIP1
Splice-altering	2	MCRS1
Splice-altering	2	MDH2
Splice-altering	2	MDM4
Splice-altering	2	MEAK7
Splice-altering	2	MECR
Splice-altering	2	MED13
Splice-altering	2	MED16
Splice-altering	2	MED23
Splice-altering	2	MED6
Splice-altering	2	MED8
Splice-altering	2	MEF2B
Splice-altering	2	MEF2C
Splice-altering	2	MELTF
Splice-altering	2	METAP1D
Splice-altering	2	METAP2
Splice-altering	2	METTL17
Splice-altering	2	MFSD10
Splice-altering	2	MFSD12
Splice-altering	2	MFSD9
Splice-altering	2	MGAT4B
Splice-altering	2	MGAT5B
Splice-altering	2	MICAL2
Splice-altering	2	MICAL3
Splice-altering	2	MICALL1
Splice-altering	2	MIDN
Splice-altering	2	MIER1
Splice-altering	2	MIER3
Splice-altering	2	MKNK2
Splice-altering	2	MLC1
Splice-altering	2	MLF2
Splice-altering	2	MME
Splice-altering	2	MMUT
Splice-altering	2	MON2
Splice-altering	2	MORC2
Splice-altering	2	MPC1
Splice-altering	2	MPP3
Splice-altering	2	MPP7
Splice-altering	2	MPPED2
Splice-altering	2	MRE11
Splice-altering	2	MROH1
Splice-altering	2	MROH6
Splice-altering	2	MRPL58
Splice-altering	2	MRPS22
Splice-altering	2	MRPS23
Splice-altering	2	MRRF
Splice-altering	2	MRTFA
Splice-altering	2	MS4A8
Splice-altering	2	MSH3
Splice-altering	2	MSL3
Splice-altering	2	MSTO1
Splice-altering	2	MTA1
Splice-altering	2	MTA2
Splice-altering	2	MTCH1
Splice-altering	2	MTERF3
Splice-altering	2	MTHFD2
Splice-altering	2	MTHFS
Splice-altering	2	MTIF2
Splice-altering	2	MTM1
Splice-altering	2	MTR
Splice-altering	2	MTTP
Splice-altering	2	MUS81
Splice-altering	2	MVP
Splice-altering	2	MYH14
Splice-altering	2	MYH3
Splice-altering	2	MYH4
Splice-altering	2	MYHAS
Splice-altering	2	MYO10
Splice-altering	2	MYO1C
Splice-altering	2	MYO1E
Splice-altering	2	MYO5A
Splice-altering	2	MYT1
Splice-altering	2	NAA25
Splice-altering	2	NAB2
Splice-altering	2	NABP2
Splice-altering	2	NADK2
Splice-altering	2	NADSYN1
Splice-altering	2	NAGK
Splice-altering	2	NAMPT
Splice-altering	2	NARF
Splice-altering	2	NARS2
Splice-altering	2	NASP
Splice-altering	2	NBAS
Splice-altering	2	NBEAL2
Splice-altering	2	NCAPH2
Splice-altering	2	NCLN
Splice-altering	2	NDE1
Splice-altering	2	NDRG4
Splice-altering	2	NDUFAF5
Splice-altering	2	NDUFS4
Splice-altering	2	NDUFS8
Splice-altering	2	NEDD4
Splice-altering	2	NELFB
Splice-altering	2	NFE2L3
Splice-altering	2	NFIA
Splice-altering	2	NFKB1
Splice-altering	2	NFKBIA
Splice-altering	2	NFS1
Splice-altering	2	NFYC
Splice-altering	2	NGEF
Splice-altering	2	NID1
Splice-altering	2	NISCH
Splice-altering	2	NIT2
Splice-altering	2	NLE1
Splice-altering	2	NLRP2
Splice-altering	2	NMRK1
Splice-altering	2	NMT1
Splice-altering	2	NOC2L
Splice-altering	2	NOL10
Splice-altering	2	NOL12
Splice-altering	2	NOL6
Splice-altering	2	NOLC1
Splice-altering	2	NONO
Splice-altering	2	NOP53
Splice-altering	2	NOP56
Splice-altering	2	NOX1
Splice-altering	2	NPAS2
Splice-altering	2	NPM1
Splice-altering	2	NPNT
Splice-altering	2	NPR1
Splice-altering	2	NSFL1C
Splice-altering	2	NSMCE2
Splice-altering	2	NSMCE4A
Splice-altering	2	NSUN3
Splice-altering	2	NSUN5
Splice-altering	2	NT5C2
Splice-altering	2	NT5C3A
Splice-altering	2	NUP155
Splice-altering	2	NUP54
Splice-altering	2	NUP85
Splice-altering	2	NUP98
Splice-altering	2	OAS1
Splice-altering	2	OBSCN
Splice-altering	2	OCIAD2
Splice-altering	2	OGG1
Splice-altering	2	OGT
Splice-altering	2	OPLAH
Splice-altering	2	ORC3
Splice-altering	2	OS9
Splice-altering	2	OSBPL2
Splice-altering	2	OSCP1
Splice-altering	2	OSMR
Splice-altering	2	OTC
Splice-altering	2	OTOF
Splice-altering	2	OTUD7B
Splice-altering	2	OXCT1
Splice-altering	2	P3H1
Splice-altering	2	P4HA1
Splice-altering	2	PA2G4
Splice-altering	2	PABPN1
Splice-altering	2	PAK6
Splice-altering	2	PALS2
Splice-altering	2	PANK2
Splice-altering	2	PAPSS1
Splice-altering	2	PAPSS2
Splice-altering	2	PARD3B
Splice-altering	2	PARN
Splice-altering	2	PARP10
Splice-altering	2	PARP14
Splice-altering	2	PARP2
Splice-altering	2	PARP6
Splice-altering	2	PARP9
Splice-altering	2	PATL1
Splice-altering	2	PAXBP1
Splice-altering	2	PAXIP1
Splice-altering	2	PBDC1
Splice-altering	2	PBX2
Splice-altering	2	PC
Splice-altering	2	PCBP2
Splice-altering	2	PCGF1
Splice-altering	2	PCGF5
Splice-altering	2	PCID2
Splice-altering	2	PCMTD1
Splice-altering	2	PCSK5
Splice-altering	2	PDCD5
Splice-altering	2	PDE5A
Splice-altering	2	PDE6A
Splice-altering	2	PDE6B
Splice-altering	2	PDHA1
Splice-altering	2	PDIA6
Splice-altering	2	PDK2
Splice-altering	2	PDK3
Splice-altering	2	PDLIM1
Splice-altering	2	PDLIM7
Splice-altering	2	PDS5A
Splice-altering	2	PDSS1
Splice-altering	2	PDXDC1
Splice-altering	2	PER1
Splice-altering	2	PFKFB3
Splice-altering	2	PGAP2
Splice-altering	2	PGAP6
Splice-altering	2	PGM2L1
Splice-altering	2	PGM3
Splice-altering	2	PGS1
Splice-altering	2	PHB1
Splice-altering	2	PHB2
Splice-altering	2	PHC1
Splice-altering	2	PHC3
Splice-altering	2	PHF13
Splice-altering	2	PHF3
Splice-altering	2	PI4KA
Splice-altering	2	PIAS2
Splice-altering	2	PIDD1
Splice-altering	2	PIK3C2A
Splice-altering	2	PIK3C2B
Splice-altering	2	PIK3R2
Splice-altering	2	PIKFYVE
Splice-altering	2	PIP5K1C
Splice-altering	2	PITPNC1
Splice-altering	2	PITRM1
Splice-altering	2	PJA2
Splice-altering	2	PKD1P2
Splice-altering	2	PKM
Splice-altering	2	PKN2
Splice-altering	2	PKP4
Splice-altering	2	PLA2G4A
Splice-altering	2	PLAA
Splice-altering	2	PLBD1
Splice-altering	2	PLBD2
Splice-altering	2	PLCB4
Splice-altering	2	PLCD3
Splice-altering	2	PLEKHA3
Splice-altering	2	PLEKHA5
Splice-altering	2	PLEKHA6
Splice-altering	2	PLEKHA7
Splice-altering	2	PLEKHO1
Splice-altering	2	PLEKHS1
Splice-altering	2	PLK2
Splice-altering	2	PLK4
Splice-altering	2	PLSCR1
Splice-altering	2	PMF1
Splice-altering	2	PMF1-BGLAP
Splice-altering	2	POLE2
Splice-altering	2	POLR3B
Splice-altering	2	POLR3E
Splice-altering	2	PPAN
Splice-altering	2	PPAN-P2RY11
Splice-altering	2	PPFIBP2
Splice-altering	2	PPIC
Splice-altering	2	PPIE
Splice-altering	2	PPIL3
Splice-altering	2	PPL
Splice-altering	2	PPOX
Splice-altering	2	PPP1R12A
Splice-altering	2	PPP1R12C
Splice-altering	2	PPP1R14B
Splice-altering	2	PPP1R2
Splice-altering	2	PPP1R7
Splice-altering	2	PPP1R9B
Splice-altering	2	PPP2R1B
Splice-altering	2	PPP2R3A
Splice-altering	2	PPP2R3B
Splice-altering	2	PPP2R5D
Splice-altering	2	PPP3CA
Splice-altering	2	PPP3R1
Splice-altering	2	PPP6R3
Splice-altering	2	PPRC1
Splice-altering	2	PPT1
Splice-altering	2	PRAG1
Splice-altering	2	PRDM16
Splice-altering	2	PRELID1
Splice-altering	2	PRKAG1
Splice-altering	2	PRKAG2
Splice-altering	2	PRKAR1B
Splice-altering	2	PRKCD
Splice-altering	2	PRKCZ
Splice-altering	2	PRKD2
Splice-altering	2	PRKRIP1
Splice-altering	2	PRKX
Splice-altering	2	PRMT1
Splice-altering	2	PRMT7
Splice-altering	2	PRORP
Splice-altering	2	PRPF3
Splice-altering	2	PRPF31
Splice-altering	2	PRPF38A
Splice-altering	2	PRPF39
Splice-altering	2	PRPF40B
Splice-altering	2	PRPH
Splice-altering	2	PRR11
Splice-altering	2	PRR14
Splice-altering	2	PRR5-ARHGAP8
Splice-altering	2	PRTFDC1
Splice-altering	2	PSMA6
Splice-altering	2	PSMA7
Splice-altering	2	PSMB9
Splice-altering	2	PSMC3
Splice-altering	2	PSMD12
Splice-altering	2	PSMD2
Splice-altering	2	PSME1
Splice-altering	2	PSME2
Splice-altering	2	PTBP2
Splice-altering	2	PTBP3
Splice-altering	2	PTCD3
Splice-altering	2	PTDSS2
Splice-altering	2	PTK2B
Splice-altering	2	PTMA
Splice-altering	2	PTP4A1
Splice-altering	2	PTP4A3
Splice-altering	2	PTPN13
Splice-altering	2	PTPN4
Splice-altering	2	PTPRN2
Splice-altering	2	PTPRU
Splice-altering	2	PTPRZ1
Splice-altering	2	PTRH2
Splice-altering	2	PUM1
Splice-altering	2	PYCR1
Splice-altering	2	QDPR
Splice-altering	2	QKI
Splice-altering	2	QRICH1
Splice-altering	2	R3HDM2
Splice-altering	2	R3HDM4
Splice-altering	2	RAB10
Splice-altering	2	RAB14
Splice-altering	2	RAB15
Splice-altering	2	RAB18
Splice-altering	2	RAB38
Splice-altering	2	RAB3GAP1
Splice-altering	2	RAB4B-EGLN2
Splice-altering	2	RABGAP1
Splice-altering	2	RAC1
Splice-altering	2	RACK1
Splice-altering	2	RAD18
Splice-altering	2	RAD21
Splice-altering	2	RAD23A
Splice-altering	2	RAD50
Splice-altering	2	RAD51D
Splice-altering	2	RAD54L
Splice-altering	2	RAI1
Splice-altering	2	RALGAPA1
Splice-altering	2	RALGAPA2
Splice-altering	2	RALGDS
Splice-altering	2	RAN
Splice-altering	2	RANBP1
Splice-altering	2	RANBP17
Splice-altering	2	RANGAP1
Splice-altering	2	RANGRF
Splice-altering	2	RAPGEF5
Splice-altering	2	RARS2
Splice-altering	2	RB1CC1
Splice-altering	2	RBBP7
Splice-altering	2	RBM17
Splice-altering	2	RBM22
Splice-altering	2	RBM27
Splice-altering	2	RBM28
Splice-altering	2	RBM42
Splice-altering	2	RBPJ
Splice-altering	2	RBPMS
Splice-altering	2	RCL1
Splice-altering	2	RCOR1
Splice-altering	2	RDH11
Splice-altering	2	REC114
Splice-altering	2	RECQL4
Splice-altering	2	REEP5
Splice-altering	2	RENBP
Splice-altering	2	RFC2
Splice-altering	2	RFC4
Splice-altering	2	RFX5
Splice-altering	2	RGS12
Splice-altering	2	RGS3
Splice-altering	2	RGS7
Splice-altering	2	RHOT1
Splice-altering	2	RHPN1
Splice-altering	2	RIC1
Splice-altering	2	RIMS1
Splice-altering	2	RIN3
Splice-altering	2	RIPOR1
Splice-altering	2	RNASEH1
Splice-altering	2	RNASEH2C
Splice-altering	2	RNF10
Splice-altering	2	RNF111
Splice-altering	2	RNF165
Splice-altering	2	RNF220
Splice-altering	2	RNF31
Splice-altering	2	RNF40
Splice-altering	2	RNF43
Splice-altering	2	RNF8
Splice-altering	2	ROBO1
Splice-altering	2	RPAP1
Splice-altering	2	RPF2
Splice-altering	2	RPL10
Splice-altering	2	RPL10A
Splice-altering	2	RPL14
Splice-altering	2	RPL22
Splice-altering	2	RPL28
Splice-altering	2	RPL4
Splice-altering	2	RPP21
Splice-altering	2	RPRD1A
Splice-altering	2	RPS14
Splice-altering	2	RPS15A
Splice-altering	2	RPS18P9
Splice-altering	2	RPS25
Splice-altering	2	RPS3
Splice-altering	2	RPUSD3
Splice-altering	2	RRM2
Splice-altering	2	RRP12
Splice-altering	2	RRP7A
Splice-altering	2	RSBN1
Splice-altering	2	RSU1
Splice-altering	2	RTF2
Splice-altering	2	RUSF1
Splice-altering	2	S100A14
Splice-altering	2	SAFB
Splice-altering	2	SARNP
Splice-altering	2	SAT1
Splice-altering	2	SCAF8
Splice-altering	2	SCAP
Splice-altering	2	SCFD1
Splice-altering	2	SCN1A
Splice-altering	2	SCYL1
Splice-altering	2	SDK1
Splice-altering	2	SDR39U1
Splice-altering	2	SEC14L1
Splice-altering	2	SEC16A
Splice-altering	2	SEC16B
Splice-altering	2	SEC23B
Splice-altering	2	SEC24D
Splice-altering	2	SECISBP2L
Splice-altering	2	SEL1L2
Splice-altering	2	SELENOH
Splice-altering	2	SELENOO
Splice-altering	2	SEMA4A
Splice-altering	2	SENP6
Splice-altering	2	SEPHS1
Splice-altering	2	SEPTIN7
Splice-altering	2	SEPTIN9
Splice-altering	2	SERINC3
Splice-altering	2	SERINC5
Splice-altering	2	SERPINB11
Splice-altering	2	SERPINB3
Splice-altering	2	SESN3
Splice-altering	2	SET
Splice-altering	2	SETX
Splice-altering	2	SF3A3
Splice-altering	2	SF3B1
Splice-altering	2	SFPQ
Splice-altering	2	SFSWAP
Splice-altering	2	SGCB
Splice-altering	2	SGPL1
Splice-altering	2	SH3BP5L
Splice-altering	2	SH3GLB1
Splice-altering	2	SH3GLB2
Splice-altering	2	SH3KBP1
Splice-altering	2	SH3RF2
Splice-altering	2	SH3TC1
Splice-altering	2	SHARPIN
Splice-altering	2	SHC1
Splice-altering	2	SHKBP1
Splice-altering	2	SHMT2
Splice-altering	2	SIK1
Splice-altering	2	SIL1
Splice-altering	2	SIN3A
Splice-altering	2	SIRT6
Splice-altering	2	SKIC2
Splice-altering	2	SLC11A2
Splice-altering	2	SLC15A4
Splice-altering	2	SLC16A13
Splice-altering	2	SLC18B1
Splice-altering	2	SLC20A2
Splice-altering	2	SLC22A17
Splice-altering	2	SLC25A1
Splice-altering	2	SLC25A10
Splice-altering	2	SLC25A13
Splice-altering	2	SLC25A28
Splice-altering	2	SLC25A3
Splice-altering	2	SLC25A35
Splice-altering	2	SLC26A6
Splice-altering	2	SLC27A2
Splice-altering	2	SLC29A2
Splice-altering	2	SLC35F5
Splice-altering	2	SLC37A1
Splice-altering	2	SLC37A3
Splice-altering	2	SLC38A1
Splice-altering	2	SLC38A2
Splice-altering	2	SLC39A11
Splice-altering	2	SLC3A1
Splice-altering	2	SLC41A3
Splice-altering	2	SLC43A2
Splice-altering	2	SLC44A2
Splice-altering	2	SLC45A4
Splice-altering	2	SLC4A1AP
Splice-altering	2	SLC5A6
Splice-altering	2	SLC6A6
Splice-altering	2	SLC6A8
Splice-altering	2	SLCO1B1
Splice-altering	2	SLTM
Splice-altering	2	SMARCA2
Splice-altering	2	SMARCA5
Splice-altering	2	SMARCC1
Splice-altering	2	SMC1A
Splice-altering	2	SMC4
Splice-altering	2	SMG1
Splice-altering	2	SMG5
Splice-altering	2	SMG7
Splice-altering	2	SMG9
Splice-altering	2	SMN1
Splice-altering	2	SMPD2
Splice-altering	2	SMYD3
Splice-altering	2	SNAP47
Splice-altering	2	SNAPC3
Splice-altering	2	SNHG14
Splice-altering	2	SNHG16
Splice-altering	2	SNRNP27
Splice-altering	2	SNRPA
Splice-altering	2	SNRPB
Splice-altering	2	SNRPC
Splice-altering	2	SNRPE
Splice-altering	2	SNRPN
Splice-altering	2	SNU13
Splice-altering	2	SNURF
Splice-altering	2	SNX11
Splice-altering	2	SNX17
Splice-altering	2	SNX32
Splice-altering	2	SOD1
Splice-altering	2	SON
Splice-altering	2	SORL1
Splice-altering	2	SOX6
Splice-altering	2	SOX9
Splice-altering	2	SP3
Splice-altering	2	SPART
Splice-altering	2	SPCS3
Splice-altering	2	SPICE1
Splice-altering	2	SPINK5
Splice-altering	2	SPINT1
Splice-altering	2	SPPL2B
Splice-altering	2	SPSB3
Splice-altering	2	SRA1
Splice-altering	2	SRCAP
Splice-altering	2	SREBF1
Splice-altering	2	SRF
Splice-altering	2	SRRD
Splice-altering	2	SRSF6
Splice-altering	2	SSB
Splice-altering	2	SSR1
Splice-altering	2	SSU72
Splice-altering	2	ST20-MTHFS
Splice-altering	2	ST6GALNAC2
Splice-altering	2	STAB2
Splice-altering	2	STAG3L4
Splice-altering	2	STARD10
Splice-altering	2	STAT5A
Splice-altering	2	STEEP1
Splice-altering	2	STIP1
Splice-altering	2	STK26
Splice-altering	2	STK31
Splice-altering	2	STK38
Splice-altering	2	STMN1
Splice-altering	2	STRC
Splice-altering	2	STRIP1
Splice-altering	2	STRN4
Splice-altering	2	STX1A
Splice-altering	2	STX4
Splice-altering	2	STX8
Splice-altering	2	STXBP3
Splice-altering	2	STYXL1
Splice-altering	2	SUCLA2
Splice-altering	2	SUN1
Splice-altering	2	SUSD6
Splice-altering	2	SUZ12
Splice-altering	2	SYCP2
Splice-altering	2	SYN1
Splice-altering	2	SYS1-DBNDD2
Splice-altering	2	TAF10
Splice-altering	2	TANC1
Splice-altering	2	TAP1
Splice-altering	2	TARS1
Splice-altering	2	TAX1BP1
Splice-altering	2	TBC1D1
Splice-altering	2	TBC1D10A
Splice-altering	2	TBC1D14
Splice-altering	2	TBC1D16
Splice-altering	2	TBC1D19
Splice-altering	2	TBL1X
Splice-altering	2	TCF7L2
Splice-altering	2	TCOF1
Splice-altering	2	TDG
Splice-altering	2	TDRD3
Splice-altering	2	TEAD2
Splice-altering	2	TEDC2
Splice-altering	2	TENT2
Splice-altering	2	TESK1
Splice-altering	2	TESK2
Splice-altering	2	TEX10
Splice-altering	2	TFAP2A
Splice-altering	2	TFDP1
Splice-altering	2	TFIP11
Splice-altering	2	TFR2
Splice-altering	2	TG
Splice-altering	2	TGFB1
Splice-altering	2	TGFBR1
Splice-altering	2	TGM2
Splice-altering	2	THOC1
Splice-altering	2	THOC5
Splice-altering	2	THUMPD2
Splice-altering	2	TIMM17A
Splice-altering	2	TIMM21
Splice-altering	2	TIMMDC1
Splice-altering	2	TIMP1
Splice-altering	2	TIPRL
Splice-altering	2	TK2
Splice-altering	2	TM4SF19
Splice-altering	2	TM4SF19-DYNLT2B
Splice-altering	2	TM9SF2
Splice-altering	2	TMBIM1
Splice-altering	2	TMCO3
Splice-altering	2	TMED10
Splice-altering	2	TMED2
Splice-altering	2	TMEM106B
Splice-altering	2	TMEM147
Splice-altering	2	TMEM18
Splice-altering	2	TMEM184C
Splice-altering	2	TMEM199
Splice-altering	2	TMEM209
Splice-altering	2	TMEM259
Splice-altering	2	TMEM260
Splice-altering	2	TMEM268
Splice-altering	2	TMEM41A
Splice-altering	2	TMEM53
Splice-altering	2	TMEM62
Splice-altering	2	TMEM63A
Splice-altering	2	TMTC1
Splice-altering	2	TMTC4
Splice-altering	2	TMX1
Splice-altering	2	TNIP2
Splice-altering	2	TNKS
Splice-altering	2	TNKS2
Splice-altering	2	TNNT1
Splice-altering	2	TNPO2
Splice-altering	2	TNRC6B
Splice-altering	2	TOLLIP
Splice-altering	2	TOM1L2
Splice-altering	2	TOMM20
Splice-altering	2	TOP3A
Splice-altering	2	TP53I11
Splice-altering	2	TPM1
Splice-altering	2	TPM3
Splice-altering	2	TPRA1
Splice-altering	2	TPTE
Splice-altering	2	TPX2
Splice-altering	2	TRABD
Splice-altering	2	TRAF3
Splice-altering	2	TRAF3IP2
Splice-altering	2	TRAK1
Splice-altering	2	TRAPPC13
Splice-altering	2	TRAPPC2
Splice-altering	2	TRAPPC9
Splice-altering	2	TRIM24
Splice-altering	2	TRIM39-RPP21
Splice-altering	2	TRIM59
Splice-altering	2	TRIM63
Splice-altering	2	TRMT2A
Splice-altering	2	TRMT2B
Splice-altering	2	TROAP
Splice-altering	2	TSKS
Splice-altering	2	TSPAN18
Splice-altering	2	TSPAN6
Splice-altering	2	TSPAN7
Splice-altering	2	TTC12
Splice-altering	2	TTC27
Splice-altering	2	TTLL1
Splice-altering	2	TTLL3
Splice-altering	2	TTLL7
Splice-altering	2	TUBGCP4
Splice-altering	2	TUBGCP6
Splice-altering	2	TULP4
Splice-altering	2	TXNRD1
Splice-altering	2	TXNRD2
Splice-altering	2	TYW3
Splice-altering	2	UBAP2L
Splice-altering	2	UBE2E1
Splice-altering	2	UBE2Q1
Splice-altering	2	UBE3A
Splice-altering	2	UBE3B
Splice-altering	2	UBE4A
Splice-altering	2	UBR2
Splice-altering	2	UBXN11
Splice-altering	2	UBXN4
Splice-altering	2	UBXN6
Splice-altering	2	UCHL1
Splice-altering	2	UGGT2
Splice-altering	2	UGP2
Splice-altering	2	UHMK1
Splice-altering	2	ULK1
Splice-altering	2	ULK3
Splice-altering	2	UPP1
Splice-altering	2	UQCRQ
Splice-altering	2	USF1
Splice-altering	2	USP11
Splice-altering	2	USP14
Splice-altering	2	USP19
Splice-altering	2	USP20
Splice-altering	2	USP25
Splice-altering	2	USP28
Splice-altering	2	USP3
Splice-altering	2	USP39
Splice-altering	2	USP47
Splice-altering	2	USP48
Splice-altering	2	USP54
Splice-altering	2	USP7
Splice-altering	2	UTP11
Splice-altering	2	UTP20
Splice-altering	2	UTP4
Splice-altering	2	UTRN
Splice-altering	2	VCL
Splice-altering	2	VIM
Splice-altering	2	VIRMA
Splice-altering	2	VPS16
Splice-altering	2	VPS45
Splice-altering	2	VPS4B
Splice-altering	2	VPS50
Splice-altering	2	VPS52
Splice-altering	2	VPS72
Splice-altering	2	VRK3
Splice-altering	2	VSIR
Splice-altering	2	VWF
Splice-altering	2	WAPL
Splice-altering	2	WAS
Splice-altering	2	WBP11
Splice-altering	2	WBP4
Splice-altering	2	WDR36
Splice-altering	2	WDR43
Splice-altering	2	WDR45B
Splice-altering	2	WDR70
Splice-altering	2	WDR75
Splice-altering	2	WSB1
Splice-altering	2	WWC2
Splice-altering	2	XPO5
Splice-altering	2	XRCC3
Splice-altering	2	XRCC5
Splice-altering	2	XRN1
Splice-altering	2	YAE1
Splice-altering	2	YARS1
Splice-altering	2	YARS2
Splice-altering	2	YEATS2
Splice-altering	2	YJU2
Splice-altering	2	YTHDF2
Splice-altering	2	YWHAQ
Splice-altering	2	YWHAZ
Splice-altering	2	ZBED6
Splice-altering	2	ZBTB48
Splice-altering	2	ZBTB7B
Splice-altering	2	ZC3H11A
Splice-altering	2	ZC3H14
Splice-altering	2	ZDHHC13
Splice-altering	2	ZDHHC7
Splice-altering	2	ZDHHC9
Splice-altering	2	ZFAND2B
Splice-altering	2	ZFAND3
Splice-altering	2	ZFP91
Splice-altering	2	ZFP91-CNTF
Splice-altering	2	ZGRF1
Splice-altering	2	ZMIZ1
Splice-altering	2	ZMYND19
Splice-altering	2	ZNF276
Splice-altering	2	ZNF326
Splice-altering	2	ZNF333
Splice-altering	2	ZNF341
Splice-altering	2	ZNF384
Splice-altering	2	ZNF410
Splice-altering	2	ZNF512B
Splice-altering	2	ZNF592
Splice-altering	2	ZNF670
Splice-altering	2	ZNF670-ZNF695
Splice-altering	2	ZNF783
Splice-altering	2	ZNG1A
Splice-altering	2	ZRANB2
Splice-altering	2	ZUP1
Splice-altering	2	ZZZ3
Splice-altering	3	ABCB10
Splice-altering	3	ABCC3
Splice-altering	3	ABCC6
Splice-altering	3	ABHD12
Splice-altering	3	ABR
Splice-altering	3	ACACB
Splice-altering	3	ACAD9
Splice-altering	3	ACOX1
Splice-altering	3	ADD1
Splice-altering	3	ADD3
Splice-altering	3	ADGRA3
Splice-altering	3	ADGRG1
Splice-altering	3	ADGRV1
Splice-altering	3	AFG3L2
Splice-altering	3	AHCYL1
Splice-altering	3	AKR1A1
Splice-altering	3	ALB
Splice-altering	3	ALDH18A1
Splice-altering	3	AMPD2
Splice-altering	3	ANAPC1
Splice-altering	3	ANKDD1A
Splice-altering	3	ANKHD1
Splice-altering	3	ANKRD17
Splice-altering	3	ANKRD28
Splice-altering	3	ANP32E
Splice-altering	3	AP1B1
Splice-altering	3	AP1G2
Splice-altering	3	AP2B1
Splice-altering	3	AP2M1
Splice-altering	3	AP3B1
Splice-altering	3	AP4M1
Splice-altering	3	APPBP2
Splice-altering	3	APPL1
Splice-altering	3	APPL2
Splice-altering	3	AR
Splice-altering	3	ARF5
Splice-altering	3	ARFRP1
Splice-altering	3	ARHGEF11
Splice-altering	3	ARHGEF16
Splice-altering	3	ARHGEF18
Splice-altering	3	ARHGEF28
Splice-altering	3	ARID1B
Splice-altering	3	ARL1
Splice-altering	3	ARNT
Splice-altering	3	ARRB2
Splice-altering	3	ARRDC3
Splice-altering	3	ASAP2
Splice-altering	3	ASCC2
Splice-altering	3	ASH1L
Splice-altering	3	ASPM
Splice-altering	3	ASS1
Splice-altering	3	ATAD3B
Splice-altering	3	ATG13
Splice-altering	3	ATG2A
Splice-altering	3	ATG2B
Splice-altering	3	ATG3
Splice-altering	3	ATIC
Splice-altering	3	ATP11A
Splice-altering	3	ATP13A2
Splice-altering	3	ATP1A1
Splice-altering	3	ATP5F1B
Splice-altering	3	ATP6AP2
Splice-altering	3	ATP6V1E1
Splice-altering	3	ATP7B
Splice-altering	3	ATP8B1
Splice-altering	3	AXIN1
Splice-altering	3	AZIN2
Splice-altering	3	B2M
Splice-altering	3	BACE2
Splice-altering	3	BANP
Splice-altering	3	BARD1
Splice-altering	3	BAZ2A
Splice-altering	3	BCKDHB
Splice-altering	3	BCL2L2-PABPN1
Splice-altering	3	BIVM-ERCC5
Splice-altering	3	BPTF
Splice-altering	3	BRD7
Splice-altering	3	BRD8
Splice-altering	3	BRD9
Splice-altering	3	BTD
Splice-altering	3	C3
Splice-altering	3	CAB39L
Splice-altering	3	CACNA1B
Splice-altering	3	CACYBP
Splice-altering	3	CADPS2
Splice-altering	3	CAMK2D
Splice-altering	3	CAP1
Splice-altering	3	CAPRIN1
Splice-altering	3	CAPZA1
Splice-altering	3	CASK
Splice-altering	3	CBFB
Splice-altering	3	CC2D1A
Splice-altering	3	CCDC146
Splice-altering	3	CCDC174
Splice-altering	3	CCM2
Splice-altering	3	CCNG2
Splice-altering	3	CCT2
Splice-altering	3	CCT6A
Splice-altering	3	CD200
Splice-altering	3	CD74
Splice-altering	3	CDC16
Splice-altering	3	CDC42BPB
Splice-altering	3	CDC5L
Splice-altering	3	CDK13
Splice-altering	3	CDK5RAP3
Splice-altering	3	CDKN1A
Splice-altering	3	CDS1
Splice-altering	3	CEP83
Splice-altering	3	CERT1
Splice-altering	3	CGN
Splice-altering	3	CHID1
Splice-altering	3	CHL1
Splice-altering	3	CHMP5
Splice-altering	3	CHRNA5
Splice-altering	3	CHURC1-FNTB
Splice-altering	3	CIAO3
Splice-altering	3	CIB1
Splice-altering	3	CIC
Splice-altering	3	CLK1
Splice-altering	3	CMAS
Splice-altering	3	CNIH1
Splice-altering	3	CNOT10
Splice-altering	3	CNOT3
Splice-altering	3	COG3
Splice-altering	3	COL11A2
Splice-altering	3	COL16A1
Splice-altering	3	COL19A1
Splice-altering	3	COL4A2
Splice-altering	3	COPE
Splice-altering	3	COQ8A
Splice-altering	3	CPNE2
Splice-altering	3	CPSF2
Splice-altering	3	CPT1A
Splice-altering	3	CREB3L3
Splice-altering	3	CRELD2
Splice-altering	3	CROCC
Splice-altering	3	CROT
Splice-altering	3	CRYBG3
Splice-altering	3	CSDE1
Splice-altering	3	CSNK1G2
Splice-altering	3	CSRP2
Splice-altering	3	CTNNBL1
Splice-altering	3	CTPS2
Splice-altering	3	CTTN
Splice-altering	3	CUL1
Splice-altering	3	CWC27
Splice-altering	3	CYSTM1
Splice-altering	3	CZIB
Splice-altering	3	DALRD3
Splice-altering	3	DAPK3
Splice-altering	3	DDR1
Splice-altering	3	DDX27
Splice-altering	3	DDX60
Splice-altering	3	DELEC1
Splice-altering	3	DENND6A
Splice-altering	3	DGKA
Splice-altering	3	DHX32
Splice-altering	3	DICER1
Splice-altering	3	DIP2A
Splice-altering	3	DIP2B
Splice-altering	3	DIS3L2
Splice-altering	3	DNAH11
Splice-altering	3	DNTTIP1
Splice-altering	3	DOCK1
Splice-altering	3	DPP3
Splice-altering	3	DRG2
Splice-altering	3	DYNC2H1
Splice-altering	3	DYRK1A
Splice-altering	3	DYSF
Splice-altering	3	DZANK1
Splice-altering	3	EDRF1
Splice-altering	3	EED
Splice-altering	3	EEF2KMT
Splice-altering	3	EHBP1
Splice-altering	3	EHBP1L1
Splice-altering	3	EHMT2
Splice-altering	3	EIF2B3
Splice-altering	3	EIF3B
Splice-altering	3	EIF3D
Splice-altering	3	EIF3G
Splice-altering	3	EIF3H
Splice-altering	3	EIF3J
Splice-altering	3	EIF4A2
Splice-altering	3	EIF4E2
Splice-altering	3	EIF5B
Splice-altering	3	EIF6
Splice-altering	3	ELAVL1
Splice-altering	3	ELF3
Splice-altering	3	ELMO3
Splice-altering	3	ELP1
Splice-altering	3	ELP2
Splice-altering	3	EML3
Splice-altering	3	EP400
Splice-altering	3	EPB41L1
Splice-altering	3	EPB41L4B
Splice-altering	3	EPG5
Splice-altering	3	EPHA2
Splice-altering	3	EPS15L1
Splice-altering	3	ERCC5
Splice-altering	3	ERMARD
Splice-altering	3	ESF1
Splice-altering	3	EVPL
Splice-altering	3	EWSR1
Splice-altering	3	EXOC2
Splice-altering	3	EXOC7
Splice-altering	3	EXOSC10
Splice-altering	3	FAAH2
Splice-altering	3	FAM149B1
Splice-altering	3	FAM234A
Splice-altering	3	FAM98A
Splice-altering	3	FANCD2
Splice-altering	3	FANCL
Splice-altering	3	FARP1
Splice-altering	3	FARSA
Splice-altering	3	FASN
Splice-altering	3	FASTKD1
Splice-altering	3	FAT2
Splice-altering	3	FBN3
Splice-altering	3	FBXO16
Splice-altering	3	FBXO31
Splice-altering	3	FBXO38
Splice-altering	3	FH
Splice-altering	3	FKBP3
Splice-altering	3	FOXK2
Splice-altering	3	FOXM1
Splice-altering	3	FRY
Splice-altering	3	FTSJ3
Splice-altering	3	FUBP3
Splice-altering	3	FXR2
Splice-altering	3	FZR1
Splice-altering	3	GALK1
Splice-altering	3	GALNS
Splice-altering	3	GAPDH
Splice-altering	3	GARS1
Splice-altering	3	GATA3
Splice-altering	3	GBF1
Splice-altering	3	GCA
Splice-altering	3	GCC1
Splice-altering	3	GCLC
Splice-altering	3	GDI1
Splice-altering	3	GGA1
Splice-altering	3	GHITM
Splice-altering	3	GINS1
Splice-altering	3	GLOD4
Splice-altering	3	GLRX3
Splice-altering	3	GNPAT
Splice-altering	3	GORASP2
Splice-altering	3	GPAT4
Splice-altering	3	GPATCH1
Splice-altering	3	GPATCH4
Splice-altering	3	GPR108
Splice-altering	3	GPR137
Splice-altering	3	GPS2
Splice-altering	3	GPX4
Splice-altering	3	GRAMD1A
Splice-altering	3	GRHL2
Splice-altering	3	GRK2
Splice-altering	3	GSDME
Splice-altering	3	GSTZ1
Splice-altering	3	GYS1
Splice-altering	3	HAUS6
Splice-altering	3	HDAC2
Splice-altering	3	HEATR1
Splice-altering	3	HERC1
Splice-altering	3	HEY2
Splice-altering	3	HIP1
Splice-altering	3	HIPK1
Splice-altering	3	HLA-DMB
Splice-altering	3	HMCN1
Splice-altering	3	HNRNPA1
Splice-altering	3	HNRNPM
Splice-altering	3	HNRNPUL2-BSCL2
Splice-altering	3	HSF1
Splice-altering	3	HSP90AB1
Splice-altering	3	HSPA4
Splice-altering	3	HSPA5
Splice-altering	3	HTRA3
Splice-altering	3	HUS1
Splice-altering	3	IDH3A
Splice-altering	3	IFNAR1
Splice-altering	3	IFRD2
Splice-altering	3	INF2
Splice-altering	3	INSIG1
Splice-altering	3	IPO13
Splice-altering	3	IPO7
Splice-altering	3	IQCE
Splice-altering	3	IRF2
Splice-altering	3	ITGA6
Splice-altering	3	ITGAV
Splice-altering	3	ITGB5
Splice-altering	3	ITPK1
Splice-altering	3	ITPRID2
Splice-altering	3	ITSN2
Splice-altering	3	JAG1
Splice-altering	3	JAG2
Splice-altering	3	JAK2
Splice-altering	3	JARID2
Splice-altering	3	KANK1
Splice-altering	3	KAT6A
Splice-altering	3	KDM3B
Splice-altering	3	KDM4A
Splice-altering	3	KDM5B
Splice-altering	3	KDM5C
Splice-altering	3	KHDC4
Splice-altering	3	KHNYN
Splice-altering	3	KIAA0319L
Splice-altering	3	KIF22
Splice-altering	3	KIF24
Splice-altering	3	KIF2A
Splice-altering	3	KIF5B
Splice-altering	3	KIFAP3
Splice-altering	3	KITLG
Splice-altering	3	KLHL8
Splice-altering	3	KMT2A
Splice-altering	3	KRT5
Splice-altering	3	KRT8
Splice-altering	3	KRT84
Splice-altering	3	KRTCAP3
Splice-altering	3	KRTDAP
Splice-altering	3	KYNU
Splice-altering	3	LAMTOR3
Splice-altering	3	LAMTOR4
Splice-altering	3	LARP1
Splice-altering	3	LDB1
Splice-altering	3	LGALS3BP
Splice-altering	3	LIMASI
Splice-altering	3	LIMCH1
Splice-altering	3	LIMK2
Splice-altering	3	LMNA
Splice-altering	3	LPIN1
Splice-altering	3	LRIG3
Splice-altering	3	LRP2
Splice-altering	3	LRPPRC
Splice-altering	3	LRRCC1
Splice-altering	3	LTBP3
Splice-altering	3	LTBP4
Splice-altering	3	LTN1
Splice-altering	3	LYAR
Splice-altering	3	MADD
Splice-altering	3	MAGED1
Splice-altering	3	MALAT1
Splice-altering	3	MAN2A2
Splice-altering	3	MAOB
Splice-altering	3	MAP2K7
Splice-altering	3	MAP3K5
Splice-altering	3	MAP4K4
Splice-altering	3	MAPK12
Splice-altering	3	MARK4
Splice-altering	3	MARS1
Splice-altering	3	MAZ
Splice-altering	3	MBD1
Splice-altering	3	MCM5
Splice-altering	3	MCOLN1
Splice-altering	3	MCTS1
Splice-altering	3	MDM2
Splice-altering	3	MED12L
Splice-altering	3	MED13L
Splice-altering	3	METTL22
Splice-altering	3	MFN2
Splice-altering	3	MFSD1
Splice-altering	3	MGRN1
Splice-altering	3	MIA2
Splice-altering	3	MIA3
Splice-altering	3	MIPEP
Splice-altering	3	MIS18BP1
Splice-altering	3	MIX23
Splice-altering	3	MLLT10
Splice-altering	3	MMADHC
Splice-altering	3	MMS22L
Splice-altering	3	MPRIP
Splice-altering	3	MPV17
Splice-altering	3	MROH2B
Splice-altering	3	MRPL1
Splice-altering	3	MRPL4
Splice-altering	3	MRPS15
Splice-altering	3	MRPS35
Splice-altering	3	MSH6
Splice-altering	3	MTHFD1L
Splice-altering	3	MTPAP
Splice-altering	3	MTREX
Splice-altering	3	MUC5B
Splice-altering	3	MUTYH
Splice-altering	3	MXD3
Splice-altering	3	MYCBP2
Splice-altering	3	MYH7
Splice-altering	3	MYO15B
Splice-altering	3	MYO18A
Splice-altering	3	NAE1
Splice-altering	3	NAP1L1
Splice-altering	3	NAPRT
Splice-altering	3	NAT9
Splice-altering	3	NAV2
Splice-altering	3	NAXE
Splice-altering	3	NCAPD2
Splice-altering	3	NCAPG2
Splice-altering	3	NDRG2
Splice-altering	3	NDUFB5
Splice-altering	3	NDUFS1
Splice-altering	3	NDUFS6
Splice-altering	3	NDUFV1
Splice-altering	3	NEDD4L
Splice-altering	3	NELFE
Splice-altering	3	NEO1
Splice-altering	3	NFE2L2
Splice-altering	3	NFIB
Splice-altering	3	NGDN
Splice-altering	3	NNT
Splice-altering	3	NOP58
Splice-altering	3	NOTCH2
Splice-altering	3	NPRL3
Splice-altering	3	NPTN
Splice-altering	3	NQO2
Splice-altering	3	NRAS
Splice-altering	3	NRBP1
Splice-altering	3	NRP1
Splice-altering	3	NSD1
Splice-altering	3	NSD2
Splice-altering	3	NSD3
Splice-altering	3	NSUN4
Splice-altering	3	NUP107
Splice-altering	3	NUP153
Splice-altering	3	NUP214
Splice-altering	3	NXF1
Splice-altering	3	OCIAD1
Splice-altering	3	OCRL
Splice-altering	3	ODF2
Splice-altering	3	OGFOD3
Splice-altering	3	ORC2
Splice-altering	3	OSBPL3
Splice-altering	3	PABPC1
Splice-altering	3	PACS1
Splice-altering	3	PACS2
Splice-altering	3	PAIP1
Splice-altering	3	PAN3
Splice-altering	3	PARD3
Splice-altering	3	PARP1
Splice-altering	3	PARP8
Splice-altering	3	PCBP4
Splice-altering	3	PCCB
Splice-altering	3	PCED1A
Splice-altering	3	PCGF2
Splice-altering	3	PCNT
Splice-altering	3	PDCD4
Splice-altering	3	PDCL3
Splice-altering	3	PDE8A
Splice-altering	3	PDE9A
Splice-altering	3	PDLIM5
Splice-altering	3	PDXK
Splice-altering	3	PDZD11
Splice-altering	3	PEDS1-UBE2V1
Splice-altering	3	PEX14
Splice-altering	3	PEX5
Splice-altering	3	PEX6
Splice-altering	3	PGGHG
Splice-altering	3	PHF10
Splice-altering	3	PHF21A
Splice-altering	3	PHIP
Splice-altering	3	PHYH
Splice-altering	3	PIGK
Splice-altering	3	PIGN
Splice-altering	3	PILRB
Splice-altering	3	PIN4
Splice-altering	3	PIP4K2C
Splice-altering	3	PKD1L1
Splice-altering	3	PKN1
Splice-altering	3	PKN3
Splice-altering	3	PLD1
Splice-altering	3	PLEKHA1
Splice-altering	3	PLEKHH2
Splice-altering	3	PLEKHH3
Splice-altering	3	PLIN2
Splice-altering	3	PLLP
Splice-altering	3	PLOD1
Splice-altering	3	PLOD3
Splice-altering	3	PLRG1
Splice-altering	3	PLXNA2
Splice-altering	3	PLXNA3
Splice-altering	3	PNN
Splice-altering	3	POGZ
Splice-altering	3	POLD2
Splice-altering	3	POLR1B
Splice-altering	3	PPID
Splice-altering	3	PPP2R5A
Splice-altering	3	PPP4R3A
Splice-altering	3	PPP4R3B
Splice-altering	3	PPP6C
Splice-altering	3	PPP6R1
Splice-altering	3	PRCP
Splice-altering	3	PRELID3B
Splice-altering	3	PRKCA
Splice-altering	3	PRKCI
Splice-altering	3	PROM1
Splice-altering	3	PRPF19
Splice-altering	3	PRPF40A
Splice-altering	3	PRPF6
Splice-altering	3	PRRC2A
Splice-altering	3	PSAP
Splice-altering	3	PSMC6
Splice-altering	3	PSMD11
Splice-altering	3	PSMD6
Splice-altering	3	PSMG2
Splice-altering	3	PTBP1
Splice-altering	3	PTCH1
Splice-altering	3	PTPN12
Splice-altering	3	PTPRF
Splice-altering	3	PTPRK
Splice-altering	3	PTPRM
Splice-altering	3	PTTG1
Splice-altering	3	PUF60
Splice-altering	3	PUS10
Splice-altering	3	PWP2
Splice-altering	3	PYGL
Splice-altering	3	QTRT1
Splice-altering	3	RAB11A
Splice-altering	3	RAB40B
Splice-altering	3	RAB40C
Splice-altering	3	RAB6A
Splice-altering	3	RAB8A
Splice-altering	3	RABL6
Splice-altering	3	RAE1
Splice-altering	3	RASEF
Splice-altering	3	RBBP6
Splice-altering	3	RBM19
Splice-altering	3	RBM34
Splice-altering	3	RBMS3
Splice-altering	3	RCC2
Splice-altering	3	RCOR3
Splice-altering	3	RELA
Splice-altering	3	REPS1
Splice-altering	3	RETREG2
Splice-altering	3	RFX2
Splice-altering	3	RHOA
Splice-altering	3	RHOT2
Splice-altering	3	RIOK1
Splice-altering	3	RIOK3
Splice-altering	3	RMC1
Splice-altering	3	RMND5A
Splice-altering	3	RNF123
Splice-altering	3	RNF20
Splice-altering	3	RNF25
Splice-altering	3	RNPS1
Splice-altering	3	ROGDI
Splice-altering	3	RPA1
Splice-altering	3	RPIA
Splice-altering	3	RPL18A
Splice-altering	3	RPL23
Splice-altering	3	RPN2
Splice-altering	3	RPS19
Splice-altering	3	RPS6KA1
Splice-altering	3	RPS6KA4
Splice-altering	3	RPS6KB2
Splice-altering	3	RSRC1
Splice-altering	3	RTCA
Splice-altering	3	RTTN
Splice-altering	3	RUFY3
Splice-altering	3	RUNX1
Splice-altering	3	RUVBL1
Splice-altering	3	RYR1
Splice-altering	3	SAAL1
Splice-altering	3	SAFB2
Splice-altering	3	SATB1
Splice-altering	3	SBNO2
Splice-altering	3	SCAF4
Splice-altering	3	SCEL
Splice-altering	3	SDCCAG8
Splice-altering	3	SDHA
Splice-altering	3	SEC22C
Splice-altering	3	SEH1L
Splice-altering	3	SELENBP1
Splice-altering	3	SEMA3C
Splice-altering	3	SEMA4D
Splice-altering	3	SEMA6A
Splice-altering	3	SENP3-EIF4A1
Splice-altering	3	SESTD1
Splice-altering	3	SETD5
Splice-altering	3	SFT2D1
Splice-altering	3	SGCE
Splice-altering	3	SGF29
Splice-altering	3	SGTA
Splice-altering	3	SH3BP1
Splice-altering	3	SHFL
Splice-altering	3	SLC12A2
Splice-altering	3	SLC12A3
Splice-altering	3	SLC12A4
Splice-altering	3	SLC30A6
Splice-altering	3	SLC44A5
Splice-altering	3	SLC4A2
Splice-altering	3	SLC4A8
Splice-altering	3	SLC7A8
Splice-altering	3	SLCO1B3
Splice-altering	3	SLCO1B3-SLCO1B7
Splice-altering	3	SMARCAL1
Splice-altering	3	SMARCB1
Splice-altering	3	SMARCE1
Splice-altering	3	SMC2
Splice-altering	3	SMC6
Splice-altering	3	SMS
Splice-altering	3	SMYD2
Splice-altering	3	SNHG29
Splice-altering	3	SNRNP70
Splice-altering	3	SNX24
Splice-altering	3	SOS2
Splice-altering	3	SP100
Splice-altering	3	SPAG17
Splice-altering	3	SPAG9
Splice-altering	3	SPG21
Splice-altering	3	SPG7
Splice-altering	3	SPHK2
Splice-altering	3	SPPL3
Splice-altering	3	SPX
Splice-altering	3	SREBF2
Splice-altering	3	SRI
Splice-altering	3	SRP68
Splice-altering	3	SRPRB
Splice-altering	3	SRRM1
Splice-altering	3	SRRT
Splice-altering	3	SSPN
Splice-altering	3	STAB1
Splice-altering	3	STAG1
Splice-altering	3	STAG3L5P-PVRIG2P-PILRB
Splice-altering	3	STAT3
Splice-altering	3	STRAP
Splice-altering	3	STRBP
Splice-altering	3	STXBP5
Splice-altering	3	SULT6B1
Splice-altering	3	SUMO1
Splice-altering	3	SYNE1
Splice-altering	3	TALAM1
Splice-altering	3	TAP2
Splice-altering	3	TARBP1
Splice-altering	3	TARS2
Splice-altering	3	TARS3
Splice-altering	3	TBC1D15
Splice-altering	3	TBK1
Splice-altering	3	TBPL1
Splice-altering	3	TBRG4
Splice-altering	3	TBX3
Splice-altering	3	TCF4
Splice-altering	3	TERT
Splice-altering	3	TFDP2
Splice-altering	3	TFG
Splice-altering	3	TFPT
Splice-altering	3	TGDS
Splice-altering	3	TGFBR2
Splice-altering	3	TGM1
Splice-altering	3	THBS3
Splice-altering	3	TIAL1
Splice-altering	3	TJP3
Splice-altering	3	TLE1
Splice-altering	3	TLE2
Splice-altering	3	TLE3
Splice-altering	3	TLE4
Splice-altering	3	TMED5
Splice-altering	3	TMEM106C
Splice-altering	3	TMEM131
Splice-altering	3	TMEM135
Splice-altering	3	TMEM214
Splice-altering	3	TMEM43
Splice-altering	3	TMEM44
Splice-altering	3	TMEM67
Splice-altering	3	TMEM9
Splice-altering	3	TMEM94
Splice-altering	3	TMSB4X
Splice-altering	3	TNC
Splice-altering	3	TNFRSF10A
Splice-altering	3	TNFRSF10B
Splice-altering	3	TNFRSF11A
Splice-altering	3	TNIP1
Splice-altering	3	TNPO1
Splice-altering	3	TNS4
Splice-altering	3	TPD52
Splice-altering	3	TPRG1L
Splice-altering	3	TRA2B
Splice-altering	3	TRAF5
Splice-altering	3	TRAF7
Splice-altering	3	TRAFD1
Splice-altering	3	TRAM1
Splice-altering	3	TRAP1
Splice-altering	3	TRIOBP
Splice-altering	3	TSPAN15
Splice-altering	3	TSPYL2
Splice-altering	3	TTC19
Splice-altering	3	TTC39C
Splice-altering	3	TTC7A
Splice-altering	3	TUB
Splice-altering	3	TUBG1
Splice-altering	3	TUSC3
Splice-altering	3	TYK2
Splice-altering	3	UBA2
Splice-altering	3	UBA3
Splice-altering	3	UBA5
Splice-altering	3	UBA6
Splice-altering	3	UBE2M
Splice-altering	3	UBE2V1
Splice-altering	3	UCKL1
Splice-altering	3	UGGT1
Splice-altering	3	UNC13D
Splice-altering	3	UNC45A
Splice-altering	3	UPF1
Splice-altering	3	USP15
Splice-altering	3	USP24
Splice-altering	3	USP36
Splice-altering	3	UVRAG
Splice-altering	3	VAC14
Splice-altering	3	VARS2
Splice-altering	3	VEGFB
Splice-altering	3	VILL
Splice-altering	3	VLDLR
Splice-altering	3	VPS13C
Splice-altering	3	VPS39
Splice-altering	3	VPS54
Splice-altering	3	VTI1B
Splice-altering	3	WDR12
Splice-altering	3	WDR41
Splice-altering	3	WDR45
Splice-altering	3	WDR88
Splice-altering	3	WT1
Splice-altering	3	WTAP
Splice-altering	3	XAB2
Splice-altering	3	XBP1
Splice-altering	3	XPC
Splice-altering	3	XPO4
Splice-altering	3	XPO6
Splice-altering	3	XRN2
Splice-altering	3	YIF1B
Splice-altering	3	YLPM1
Splice-altering	3	YTHDC1
Splice-altering	3	YTHDC2
Splice-altering	3	ZC3H18
Splice-altering	3	ZCCHC4
Splice-altering	3	ZCCHC7
Splice-altering	3	ZFAND2A
Splice-altering	3	ZFR
Splice-altering	3	ZMYM2
Splice-altering	3	ZNF207
Splice-altering	3	ZNF546
Splice-altering	3	ZNF622
Splice-altering	3	ZNF638
Splice-altering	3	ZNFX1
Splice-altering	3	ZWINT
Splice-altering	4	ABCA1
Splice-altering	4	ABCC2
Splice-altering	4	ACAP3
Splice-altering	4	ACSL3
Splice-altering	4	ACTN1
Splice-altering	4	ACTR3B
Splice-altering	4	AGA
Splice-altering	4	AGK
Splice-altering	4	AGPS
Splice-altering	4	AGXT2
Splice-altering	4	AIDA
Splice-altering	4	AIFM1
Splice-altering	4	ALDH1A1
Splice-altering	4	ALG13
Splice-altering	4	AMBRA1
Splice-altering	4	AMZ2
Splice-altering	4	ANK2
Splice-altering	4	ANKHD1-EIF4EBP3
Splice-altering	4	ANKRD29
Splice-altering	4	AP3D1
Splice-altering	4	APLP2
Splice-altering	4	ARAF
Splice-altering	4	ARAP1
Splice-altering	4	ARAP2
Splice-altering	4	ARHGEF1
Splice-altering	4	ARHGEF12
Splice-altering	4	ARHGEF2
Splice-altering	4	ARID4B
Splice-altering	4	ASMTL
Splice-altering	4	ASPSCR1
Splice-altering	4	ATF2
Splice-altering	4	ATF7IP
Splice-altering	4	ATG4B
Splice-altering	4	ATG7
Splice-altering	4	ATP1B1
Splice-altering	4	ATP6V1B1
Splice-altering	4	ATP6V1B2
Splice-altering	4	ATP8B2
Splice-altering	4	ATRN
Splice-altering	4	BBS2
Splice-altering	4	BCOR
Splice-altering	4	BEST1
Splice-altering	4	BIRC6
Splice-altering	4	BLTP1
Splice-altering	4	BMPR1A
Splice-altering	4	BTAF1
Splice-altering	4	C22orf39
Splice-altering	4	CACNA1D
Splice-altering	4	CAMTA2
Splice-altering	4	CAPN1
Splice-altering	4	CAPN2
Splice-altering	4	CARS1
Splice-altering	4	CCDC14
Splice-altering	4	CCNL2
Splice-altering	4	CCT8
Splice-altering	4	CDC25B
Splice-altering	4	CDC73
Splice-altering	4	CDS2
Splice-altering	4	CFAP61
Splice-altering	4	CHAF1A
Splice-altering	4	CHD6
Splice-altering	4	CHKB-CPT1B
Splice-altering	4	CLASRP
Splice-altering	4	CLCN1
Splice-altering	4	CLK3
Splice-altering	4	CLU
Splice-altering	4	CMIP
Splice-altering	4	CMTR1
Splice-altering	4	COCH
Splice-altering	4	COL15A1
Splice-altering	4	COP1
Splice-altering	4	CORO7
Splice-altering	4	CORO7-PAM16
Splice-altering	4	CSPP1
Splice-altering	4	CTPS1
Splice-altering	4	CUL2
Splice-altering	4	CUL9
Splice-altering	4	CYTH2
Splice-altering	4	DCUN1D5
Splice-altering	4	DDB1
Splice-altering	4	DDX1
Splice-altering	4	DDX46
Splice-altering	4	DENND1A
Splice-altering	4	DENND2B
Splice-altering	4	DGKZ
Splice-altering	4	DHX29
Splice-altering	4	DHX30
Splice-altering	4	DIDO1
Splice-altering	4	DIS3
Splice-altering	4	DNAJC9
Splice-altering	4	DNM1L
Splice-altering	4	DNMT1
Splice-altering	4	DOCK5
Splice-altering	4	DOCK7
Splice-altering	4	DPP9
Splice-altering	4	EEF1G
Splice-altering	4	EIF2B5
Splice-altering	4	EIF3M
Splice-altering	4	ELAC2
Splice-altering	4	EML4
Splice-altering	4	EPHB4
Splice-altering	4	EPS15
Splice-altering	4	EPS8
Splice-altering	4	ERBB2
Splice-altering	4	ERGIC3
Splice-altering	4	ESYT1
Splice-altering	4	EXOC5
Splice-altering	4	FADS3
Splice-altering	4	FAM217A
Splice-altering	4	FAM50A
Splice-altering	4	FAM91A1
Splice-altering	4	FAS
Splice-altering	4	FBRSL1
Splice-altering	4	FERMT1
Splice-altering	4	FGD3
Splice-altering	4	FLOT1
Splice-altering	4	FOXP4
Splice-altering	4	FRG1BP
Splice-altering	4	FRMD4A
Splice-altering	4	FURIN
Splice-altering	4	FUS
Splice-altering	4	GAK
Splice-altering	4	GART
Splice-altering	4	GLG1
Splice-altering	4	GNL1
Splice-altering	4	GOLGB1
Splice-altering	4	GPI
Splice-altering	4	GRAMD2A
Splice-altering	4	GTF3C2
Splice-altering	4	GUF1
Splice-altering	4	HAGHL
Splice-altering	4	HGSNAT
Splice-altering	4	HIRA
Splice-altering	4	HNRNPD
Splice-altering	4	HNRNPU
Splice-altering	4	HP1BP3
Splice-altering	4	HTT
Splice-altering	4	HYAL2
Splice-altering	4	IDH3B
Splice-altering	4	IFT74
Splice-altering	4	IFT80
Splice-altering	4	IK
Splice-altering	4	IKBKB
Splice-altering	4	ILF2
Splice-altering	4	INPP5K
Splice-altering	4	INTS1
Splice-altering	4	IQGAP3
Splice-altering	4	IRF6
Splice-altering	4	ITGA2
Splice-altering	4	ITGA3
Splice-altering	4	ITGA5
Splice-altering	4	IVNS1ABP
Splice-altering	4	KDM6B
Splice-altering	4	KIF21A
Splice-altering	4	KLHDC3
Splice-altering	4	KMT2C
Splice-altering	4	KNSTRN
Splice-altering	4	KPNA3
Splice-altering	4	KRI1
Splice-altering	4	LAMB2
Splice-altering	4	LAMB3
Splice-altering	4	LARS1
Splice-altering	4	LONP1
Splice-altering	4	MALT1
Splice-altering	4	MAN1B1
Splice-altering	4	MAN2B1
Splice-altering	4	MAP3K20
Splice-altering	4	MAP3K7
Splice-altering	4	MAPK8IP3
Splice-altering	4	MAU2
Splice-altering	4	MBD6
Splice-altering	4	MBTPS1
Splice-altering	4	MCM3AP
Splice-altering	4	MCM7
Splice-altering	4	MED24
Splice-altering	4	MERTK
Splice-altering	4	MFN1
Splice-altering	4	MKRN2
Splice-altering	4	MMS19
Splice-altering	4	MORC4
Splice-altering	4	MOSPD3
Splice-altering	4	MRPS5
Splice-altering	4	MSI2
Splice-altering	4	MTOR
Splice-altering	4	MYH10
Splice-altering	4	MYL6B
Splice-altering	4	MYO9B
Splice-altering	4	MYOF
Splice-altering	4	NCBP1
Splice-altering	4	NCOA6
Splice-altering	4	NEK9
Splice-altering	4	NIPAL2
Splice-altering	4	NOC3L
Splice-altering	4	NOP14
Splice-altering	4	NOP9
Splice-altering	4	NPHP3
Splice-altering	4	NUP133
Splice-altering	4	NUP188
Splice-altering	4	OBSL1
Splice-altering	4	ODF2L
Splice-altering	4	OFD1
Splice-altering	4	OGDHL
Splice-altering	4	OSBPL9
Splice-altering	4	P4HA2
Splice-altering	4	P4HB
Splice-altering	4	PAK2
Splice-altering	4	PAM16
Splice-altering	4	PCDH11X
Splice-altering	4	PCM1
Splice-altering	4	PDCD11
Splice-altering	4	PFAS
Splice-altering	4	PFDN6
Splice-altering	4	PFKL
Splice-altering	4	PFKM
Splice-altering	4	PFKP
Splice-altering	4	PGM1
Splice-altering	4	PHACTR2
Splice-altering	4	PHF14
Splice-altering	4	PHKA1
Splice-altering	4	PHLDB1
Splice-altering	4	PITPNM1
Splice-altering	4	PKP3
Splice-altering	4	PLA2G6
Splice-altering	4	PLCB3
Splice-altering	4	PMPCA
Splice-altering	4	PMPCB
Splice-altering	4	PNKD
Splice-altering	4	PNPT1
Splice-altering	4	POC1A
Splice-altering	4	POLG
Splice-altering	4	POLR2B
Splice-altering	4	PPM1G
Splice-altering	4	PPP2R2D
Splice-altering	4	PPP4R1
Splice-altering	4	PRKCSH
Splice-altering	4	PRMT5
Splice-altering	4	PROM2
Splice-altering	4	PRPF4B
Splice-altering	4	PRRC2C
Splice-altering	4	PSIP1
Splice-altering	4	PSMC5
Splice-altering	4	PSTPIP2
Splice-altering	4	PTOV1
Splice-altering	4	PTPRJ
Splice-altering	4	PUM2
Splice-altering	4	PWP1
Splice-altering	4	RAB11B
Splice-altering	4	RAB12
Splice-altering	4	RAB3GAP2
Splice-altering	4	RABL3
Splice-altering	4	RAF1
Splice-altering	4	RANBP2
Splice-altering	4	RBL2
Splice-altering	4	RBM39
Splice-altering	4	RBM5
Splice-altering	4	RBM6
Splice-altering	4	RC3H2
Splice-altering	4	RCOR2
Splice-altering	4	RFC1
Splice-altering	4	RFX1
Splice-altering	4	RGL2
Splice-altering	4	RMDN3
Splice-altering	4	RNF214
Splice-altering	4	RPL27A
Splice-altering	4	RPL31
Splice-altering	4	RRBP1
Splice-altering	4	RRM1
Splice-altering	4	RSPH1
Splice-altering	4	RYR2
Splice-altering	4	SARS1
Splice-altering	4	SBNO1
Splice-altering	4	SCAF11
Splice-altering	4	SCCPDH
Splice-altering	4	SCGN
Splice-altering	4	SEC14L3
Splice-altering	4	SEC23A
Splice-altering	4	SEL1L3
Splice-altering	4	SENP7
Splice-altering	4	SERINC1
Splice-altering	4	SETD3
Splice-altering	4	SETD4
Splice-altering	4	SF3B4
Splice-altering	4	SKIC8
Splice-altering	4	SLC25A39
Splice-altering	4	SLC38A10
Splice-altering	4	SLC44A1
Splice-altering	4	SLC5A8
Splice-altering	4	SLC9A6
Splice-altering	4	SMARCAD1
Splice-altering	4	SMARCD2
Splice-altering	4	SNRPB2
Splice-altering	4	SNX14
Splice-altering	4	SOAT1
Splice-altering	4	SOD2
Splice-altering	4	SPATA20
Splice-altering	4	SPINT2
Splice-altering	4	SPTB
Splice-altering	4	SPTLC1
Splice-altering	4	SRPK1
Splice-altering	4	SSRP1
Splice-altering	4	ST14
Splice-altering	4	STAP2
Splice-altering	4	STAT6
Splice-altering	4	STOML2
Splice-altering	4	STT3A
Splice-altering	4	SULF2
Splice-altering	4	SUPT16H
Splice-altering	4	SUPT6H
Splice-altering	4	SVIL
Splice-altering	4	SYNCRIP
Splice-altering	4	TAF6
Splice-altering	4	TBC1D17
Splice-altering	4	TBCD
Splice-altering	4	TC2N
Splice-altering	4	TCERG1
Splice-altering	4	TCF25
Splice-altering	4	TEAD4
Splice-altering	4	TFRC
Splice-altering	4	THOP1
Splice-altering	4	THRA
Splice-altering	4	TJP1
Splice-altering	4	TJP2
Splice-altering	4	TKT
Splice-altering	4	TLK1
Splice-altering	4	TLK2
Splice-altering	4	TM4SF5
Splice-altering	4	TM9SF4
Splice-altering	4	TMBIM6
Splice-altering	4	TMEM63B
Splice-altering	4	TNIK
Splice-altering	4	TNPO3
Splice-altering	4	TOP2B
Splice-altering	4	TP53BP1
Splice-altering	4	TPD52L2
Splice-altering	4	TPP1
Splice-altering	4	TRAPPC2L
Splice-altering	4	TRPM1
Splice-altering	4	TRPM7
Splice-altering	4	TRRAP
Splice-altering	4	TSPAN1
Splice-altering	4	TTC17
Splice-altering	4	TTLL5
Splice-altering	4	TUT4
Splice-altering	4	UBE2A
Splice-altering	4	UBE2D1
Splice-altering	4	UBR1
Splice-altering	4	UBXN1
Splice-altering	4	UFD1
Splice-altering	4	UNC13A
Splice-altering	4	UNC13B
Splice-altering	4	UQCC1
Splice-altering	4	URI1
Splice-altering	4	USP33
Splice-altering	4	VAX2
Splice-altering	4	VHL
Splice-altering	4	VIPAS39
Splice-altering	4	VPS28
Splice-altering	4	VPS35
Splice-altering	4	VWA8
Splice-altering	4	WDFY3
Splice-altering	4	WDR44
Splice-altering	4	WDR5
Splice-altering	4	WDR62
Splice-altering	4	WDR90
Splice-altering	4	WIPI1
Splice-altering	4	WNK1
Splice-altering	4	XPO7
Splice-altering	4	YME1L1
Splice-altering	4	ZC2HC1C
Splice-altering	4	ZFYVE26
Splice-altering	4	ZMIZ2
Splice-altering	4	ZMYM3
Splice-altering	5	ABCC4
Splice-altering	5	ABCC8
Splice-altering	5	ABCF3
Splice-altering	5	ABHD16A
Splice-altering	5	ABLIM1
Splice-altering	5	ACLY
Splice-altering	5	ACSL1
Splice-altering	5	ACTN4
Splice-altering	5	ACVRL1
Splice-altering	5	ADAM17
Splice-altering	5	AKAP1
Splice-altering	5	AKT1S1
Splice-altering	5	ARMC8
Splice-altering	5	ASB3
Splice-altering	5	ATR
Splice-altering	5	BLTP2
Splice-altering	5	CALB2
Splice-altering	5	CARMIL3
Splice-altering	5	CASTOR3P
Splice-altering	5	CCDC47
Splice-altering	5	CCDC6
Splice-altering	5	CDK16
Splice-altering	5	CDK5RAP2
Splice-altering	5	CEP43
Splice-altering	5	CFH
Splice-altering	5	CHM
Splice-altering	5	CHORDC1
Splice-altering	5	CIT
Splice-altering	5	CLCN5
Splice-altering	5	CLCN7
Splice-altering	5	COG1
Splice-altering	5	COL18A1
Splice-altering	5	COL4A1
Splice-altering	5	COL6A6
Splice-altering	5	COPB2
Splice-altering	5	CTCF
Splice-altering	5	CTNNB1
Splice-altering	5	CUL7
Splice-altering	5	CYLD
Splice-altering	5	DAZAP1
Splice-altering	5	DDX17
Splice-altering	5	DDX56
Splice-altering	5	DHX9
Splice-altering	5	DNAJC13
Splice-altering	5	DSP
Splice-altering	5	DYNC1H1
Splice-altering	5	DZIP3
Splice-altering	5	ECPAS
Splice-altering	5	ECT2
Splice-altering	5	EFR3A
Splice-altering	5	EIF2AK1
Splice-altering	5	ELAPOR1
Splice-altering	5	ERLEC1
Splice-altering	5	FANCA
Splice-altering	5	FBXO11
Splice-altering	5	FBXW7
Splice-altering	5	FGFR1
Splice-altering	5	FIP1L1
Splice-altering	5	FRA10AC1
Splice-altering	5	GALNT9
Splice-altering	5	GARNL3
Splice-altering	5	GARRE1
Splice-altering	5	GEMIN5
Splice-altering	5	GIGYF2
Splice-altering	5	GMPPB
Splice-altering	5	GNAS
Splice-altering	5	GTF2I
Splice-altering	5	GTF2IRD1
Splice-altering	5	HNRNPA3
Splice-altering	5	HNRNPL
Splice-altering	5	HPCA
Splice-altering	5	HPRT1
Splice-altering	5	HSD17B4
Splice-altering	5	IARS1
Splice-altering	5	IDS
Splice-altering	5	IGF2R
Splice-altering	5	ILF3
Splice-altering	5	INPPL1
Splice-altering	5	KANSL3
Splice-altering	5	KIAA1217
Splice-altering	5	KIDINS220
Splice-altering	5	KIF16B
Splice-altering	5	KPNA4
Splice-altering	5	KRT2
Splice-altering	5	LENG8
Splice-altering	5	LRP5
Splice-altering	5	LRRFIP1
Splice-altering	5	LTBP1
Splice-altering	5	LZTR1
Splice-altering	5	MAP3K1
Splice-altering	5	MAP4K3
Splice-altering	5	MAST2
Splice-altering	5	MCCC2
Splice-altering	5	MDH1
Splice-altering	5	MGA
Splice-altering	5	MOV10
Splice-altering	5	MUC16
Splice-altering	5	MYL6
Splice-altering	5	MYO15A
Splice-altering	5	MYO6
Splice-altering	5	NAPA
Splice-altering	5	NCSTN
Splice-altering	5	NDUFS2
Splice-altering	5	NECTIN2
Splice-altering	5	NEURL4
Splice-altering	5	NSMAF
Splice-altering	5	NUMA1
Splice-altering	5	OSBPL7
Splice-altering	5	OSTF1
Splice-altering	5	P2RX4
Splice-altering	5	PAFAH1B1
Splice-altering	5	PAM
Splice-altering	5	PAPOLA
Splice-altering	5	PHKA2
Splice-altering	5	PICALM
Splice-altering	5	PKP2
Splice-altering	5	PLXNB1
Splice-altering	5	PNPLA6
Splice-altering	5	POLR1C
Splice-altering	5	POLR2A
Splice-altering	5	PPA2
Splice-altering	5	PPFIA1
Splice-altering	5	PPIG
Splice-altering	5	PSEN1
Splice-altering	5	PSMC4
Splice-altering	5	PSME4
Splice-altering	5	PTPN3
Splice-altering	5	RAD51C
Splice-altering	5	RALGAPB
Splice-altering	5	ROCK1
Splice-altering	5	RTF1
Splice-altering	5	SAMM50
Splice-altering	5	SBF1
Splice-altering	5	SCRIB
Splice-altering	5	SEC24B
Splice-altering	5	SEC63
Splice-altering	5	SEZ6L2
Splice-altering	5	SF3B3
Splice-altering	5	SH3GL1
Splice-altering	5	SIK3
Splice-altering	5	SKIC3
Splice-altering	5	SLC28A1
Splice-altering	5	SLC47A1
Splice-altering	5	SLMAP
Splice-altering	5	SMAD2
Splice-altering	5	SMARCA1
Splice-altering	5	SMARCC2
Splice-altering	5	SMC5
Splice-altering	5	SPAG5
Splice-altering	5	SSBP2
Splice-altering	5	STAG3
Splice-altering	5	STAT1
Splice-altering	5	STXBP2
Splice-altering	5	SYMPK
Splice-altering	5	SZT2
Splice-altering	5	TAOK2
Splice-altering	5	TASOR
Splice-altering	5	TBC1D5
Splice-altering	5	TBC1D8
Splice-altering	5	TBL1XR1
Splice-altering	5	TCF12
Splice-altering	5	TELO2
Splice-altering	5	TIMELESS
Splice-altering	5	TM9SF3
Splice-altering	5	TMC5
Splice-altering	5	TMEM54
Splice-altering	5	TMEM87A
Splice-altering	5	TNS2
Splice-altering	5	TOPBP1
Splice-altering	5	TPP2
Splice-altering	5	TPR
Splice-altering	5	TRIO
Splice-altering	5	TRPM4
Splice-altering	5	TSC1
Splice-altering	5	TTN
Splice-altering	5	U2SURP
Splice-altering	5	UACA
Splice-altering	5	UBTF
Splice-altering	5	VARS1
Splice-altering	5	VPS41
Splice-altering	5	WAC
Splice-altering	5	WDPCP
Splice-altering	5	WDR3
Splice-altering	5	WDR33
Splice-altering	5	WRN
Splice-altering	5	WWP1
Splice-altering	5	XRCC6
Splice-altering	5	ZMYND8
Splice-altering	6	ACACA
Splice-altering	6	AGRN
Splice-altering	6	ANAPC5
Splice-altering	6	ANK1
Splice-altering	6	ANK3
Splice-altering	6	AP1G1
Splice-altering	6	ARHGAP35
Splice-altering	6	ARID2
Splice-altering	6	ASL
Splice-altering	6	ASPH
Splice-altering	6	B3GNTL1
Splice-altering	6	B4GALNT4
Splice-altering	6	BRIP1
Splice-altering	6	BRIX1
Splice-altering	6	CAD
Splice-altering	6	CCNH
Splice-altering	6	CDC123
Splice-altering	6	CDK15
Splice-altering	6	CHEK2
Splice-altering	6	CLPTM1
Splice-altering	6	CLUH
Splice-altering	6	CNOT1
Splice-altering	6	COL12A1
Splice-altering	6	COL25A1
Splice-altering	6	COL5A3
Splice-altering	6	COPA
Splice-altering	6	COPS2
Splice-altering	6	CSE1L
Splice-altering	6	CTNNA1
Splice-altering	6	DAPK1
Splice-altering	6	DDX31
Splice-altering	6	DGKG
Splice-altering	6	DHX15
Splice-altering	6	DMAP1
Splice-altering	6	DOCK9
Splice-altering	6	DROSHA
Splice-altering	6	EIF4G3
Splice-altering	6	EPRS1
Splice-altering	6	ERAP1
Splice-altering	6	ERBIN
Splice-altering	6	F5
Splice-altering	6	FBN2
Splice-altering	6	FBXL20
Splice-altering	6	FECH
Splice-altering	6	FKBP15
Splice-altering	6	FLNA
Splice-altering	6	FLNB
Splice-altering	6	FN1
Splice-altering	6	FRYL
Splice-altering	6	GLB1L2
Splice-altering	6	GTF3C1
Splice-altering	6	HEXA
Splice-altering	6	HLA-C
Splice-altering	6	HMBS
Splice-altering	6	HNRNPK
Splice-altering	6	HTR3A
Splice-altering	6	IAH1
Splice-altering	6	INTS3
Splice-altering	6	IPO8
Splice-altering	6	ITGB4
Splice-altering	6	KCNQ1
Splice-altering	6	KEAP1
Splice-altering	6	KHSRP
Splice-altering	6	KIF1B
Splice-altering	6	KLC1
Splice-altering	6	KTN1
Splice-altering	6	LAMA5
Splice-altering	6	LAMC1
Splice-altering	6	LARP7
Splice-altering	6	LRBA
Splice-altering	6	LRP1
Splice-altering	6	LSS
Splice-altering	6	MAP2K4
Splice-altering	6	MARCHF6
Splice-altering	6	MARK2
Splice-altering	6	MEN1
Splice-altering	6	MINK1
Splice-altering	6	MSH4
Splice-altering	6	NAP1L4
Splice-altering	6	NAT10
Splice-altering	6	NCOR2
Splice-altering	6	NEK5
Splice-altering	6	NIBAN2
Splice-altering	6	NPLOC4
Splice-altering	6	OSBPL1A
Splice-altering	6	PARP4
Splice-altering	6	PHTF1
Splice-altering	6	PITPNA
Splice-altering	6	PLEC
Splice-altering	6	PLXNB2
Splice-altering	6	PMM2
Splice-altering	6	POLD1
Splice-altering	6	PPP2R1A
Splice-altering	6	PTK2
Splice-altering	6	PYGB
Splice-altering	6	RASA1
Splice-altering	6	RBM10
Splice-altering	6	RPS6KA3
Splice-altering	6	RSKR
Splice-altering	6	SCYL2
Splice-altering	6	SEC24A
Splice-altering	6	SETDB1
Splice-altering	6	SMAD4
Splice-altering	6	SRSF11
Splice-altering	6	SUPT5H
Splice-altering	6	TBC1D9B
Splice-altering	6	TCIRG1
Splice-altering	6	TEP1
Splice-altering	6	TLN1
Splice-altering	6	TOP1
Splice-altering	6	TPTE2P6
Splice-altering	6	VPS13D
Splice-altering	6	VPS33B
Splice-altering	6	WASHC3
Splice-altering	6	XDH
Splice-altering	6	ZC3H7A
Splice-altering	7	ABCC11
Splice-altering	7	ARIH2
Splice-altering	7	BTK
Splice-altering	7	CHD3
Splice-altering	7	CHD7
Splice-altering	7	CHD8
Splice-altering	7	COL6A1
Splice-altering	7	COL9A1
Splice-altering	7	COL9A2
Splice-altering	7	CPS1
Splice-altering	7	CPSF1
Splice-altering	7	CTR9
Splice-altering	7	DIMT1
Splice-altering	7	EIF3K
Splice-altering	7	ESYT2
Splice-altering	7	FGD5
Splice-altering	7	FKBP4
Splice-altering	7	HMGA1
Splice-altering	7	ITPR3
Splice-altering	7	KLC4
Splice-altering	7	KNTC1
Splice-altering	7	LDLR
Splice-altering	7	MACF1
Splice-altering	7	MED12
Splice-altering	7	MTCH2
Splice-altering	7	MYO1B
Splice-altering	7	NAA15
Splice-altering	7	NBN
Splice-altering	7	NCKAP1
Splice-altering	7	NPC1
Splice-altering	7	NPHP3-ACAD11
Splice-altering	7	NRDC
Splice-altering	7	NUP93
Splice-altering	7	OPA1
Splice-altering	7	PBRM1
Splice-altering	7	PHKB
Splice-altering	7	POLR2G
Splice-altering	7	POMGNT1
Splice-altering	7	PRRC2B
Splice-altering	7	QARS1
Splice-altering	7	SMCHD1
Splice-altering	7	SNRNP200
Splice-altering	7	SPG11
Splice-altering	7	SPTAN1
Splice-altering	7	SPTBN1
Splice-altering	7	TTC26
Splice-altering	7	UBR5
Splice-altering	7	USH2A
Splice-altering	7	USP34
Splice-altering	7	UTP6
Splice-altering	7	VPS13A
Splice-altering	7	VPS8
Splice-altering	7	XYLB
Splice-altering	7	YY1AP1
Splice-altering	8	AARS1
Splice-altering	8	AFDN
Splice-altering	8	ARFGEF1
Splice-altering	8	ASCC3
Splice-altering	8	CACNA1F
Splice-altering	8	CAST
Splice-altering	8	CHD1
Splice-altering	8	COL1A1
Splice-altering	8	CTNNAL1
Splice-altering	8	CUBN
Splice-altering	8	DDX3X
Splice-altering	8	DIPK1A
Splice-altering	8	DNM2
Splice-altering	8	EMG1
Splice-altering	8	EPHX2
Splice-altering	8	FOXP1
Splice-altering	8	GAS8
Splice-altering	8	GLYR1
Splice-altering	8	HLA-A
Splice-altering	8	HUWE1
Splice-altering	8	KMT2E
Splice-altering	8	KYAT3
Splice-altering	8	LPCAT3
Splice-altering	8	MET
Splice-altering	8	MRPS11
Splice-altering	8	MTRR
Splice-altering	8	NEBL
Splice-altering	8	NF2
Splice-altering	8	NLRC5
Splice-altering	8	NOTCH1
Splice-altering	8	NUP160
Splice-altering	8	POLE
Splice-altering	8	PROS1
Splice-altering	8	RAP1GAP
Splice-altering	8	RPL5
Splice-altering	8	RUVBL2
Splice-altering	8	SERPING1
Splice-altering	8	SFXN4
Splice-altering	8	SMARCA4
Splice-altering	8	SND1
Splice-altering	8	SPAST
Splice-altering	8	STAT2
Splice-altering	8	SUGT1
Splice-altering	8	SYCP1
Splice-altering	8	TRIM28
Splice-altering	8	TRPV1
Splice-altering	8	TSC2
Splice-altering	8	WWP2
Splice-altering	9	AQP5
Splice-altering	9	ATP2C1
Splice-altering	9	ATP2C2
Splice-altering	9	CERS4
Splice-altering	9	COL27A1
Splice-altering	9	COL5A1
Splice-altering	9	DOP1B
Splice-altering	9	DST
Splice-altering	9	F9
Splice-altering	9	FOCAD
Splice-altering	9	HLA-B
Splice-altering	9	HNRNPA2B1
Splice-altering	9	ME3
Splice-altering	9	MTHFD1
Splice-altering	9	NCOR1
Splice-altering	9	NEB
Splice-altering	9	NIPBL
Splice-altering	9	PAX6
Splice-altering	9	PRKDC
Splice-altering	9	UBR4
Splice-altering	10	CDKN2A
Splice-altering	10	COL28A1
Splice-altering	10	COL4A4
Splice-altering	10	CREBBP
Splice-altering	10	CTNND1
Splice-altering	10	CTSH
Splice-altering	10	CUL3
Splice-altering	10	HGD
Splice-altering	10	HSPG2
Splice-altering	10	PNKP
Splice-altering	10	SETD2
Splice-altering	11	APC
Splice-altering	11	COL11A1
Splice-altering	11	COL13A1
Splice-altering	11	EIF4G1
Splice-altering	11	KANSL1
Splice-altering	11	NUP205
Splice-altering	11	TRIP12
Splice-altering	12	ARID1A
Splice-altering	12	COL3A1
Splice-altering	12	COL5A2
Splice-altering	12	EP300
Splice-altering	12	FUBP1
Splice-altering	12	HERC2
Splice-altering	12	MYH9
Splice-altering	12	STAG2
Splice-altering	12	STK11
Splice-altering	13	BAP1
Splice-altering	13	CHD4
Splice-altering	13	FAT1
Splice-altering	13	PMS2
Splice-altering	13	VPS35L
Splice-altering	14	ACTR3C
Splice-altering	14	COL1A2
Splice-altering	14	COL6A3
Splice-altering	14	ESR2
Splice-altering	14	POLR3A
Splice-altering	14	USP9X
Splice-altering	15	ATRX
Splice-altering	15	COL22A1
Splice-altering	15	COL24A1
Splice-altering	15	KMT2B
Splice-altering	15	MYBPC3
Splice-altering	15	RNF213
Splice-altering	16	C11orf65
Splice-altering	16	CAPN3
Splice-altering	16	KMT2D
Splice-altering	16	PLB1
Splice-altering	16	SYNE2
Splice-altering	17	COL2A1
Splice-altering	17	GCN1
Splice-altering	17	TTC3
Splice-altering	18	COL4A5
Splice-altering	21	KDM6A
Splice-altering	21	MSH2
Splice-altering	23	COL7A1
Splice-altering	23	PHEX
Splice-altering	23	PTEN
Splice-altering	27	F8
Splice-altering	27	PIK3R1
Splice-altering	29	CDH1
Splice-altering	30	ATM
Splice-altering	31	FBN1
Splice-altering	32	DMD
Splice-altering	32	RHD
Splice-altering	33	RSRP1
Splice-altering	34	ABCA4
Splice-altering	36	PALB2
Splice-altering	39	MLH1
Splice-altering	40	RB1
Splice-altering	59	CFTR
Splice-altering	65	TP53
Splice-altering	128	NF1
Splice-altering	131	BRCA1
Splice-altering	157	BRCA2
Low-frequency	1	A2M
Low-frequency	1	AAR2
Low-frequency	1	ABCA2
Low-frequency	1	ABCA3
Low-frequency	1	ABCA5
Low-frequency	1	ABCA7
Low-frequency	1	ABCA9
Low-frequency	1	ABCB10
Low-frequency	1	ABCB5
Low-frequency	1	ABCB6
Low-frequency	1	ABCB8
Low-frequency	1	ABCE1
Low-frequency	1	ABCF3
Low-frequency	1	ABHD16A
Low-frequency	1	ABHD6
Low-frequency	1	ABI3BP
Low-frequency	1	ABL1
Low-frequency	1	ABLIM3
Low-frequency	1	ACAA1
Low-frequency	1	ACAD9
Low-frequency	1	ACADL
Low-frequency	1	ACADSB
Low-frequency	1	ACAN
Low-frequency	1	ACAP3
Low-frequency	1	ACER2
Low-frequency	1	ACO1
Low-frequency	1	ACOXL
Low-frequency	1	ACP7
Low-frequency	1	ACSBG2
Low-frequency	1	ACSF3
Low-frequency	1	ACSL4
Low-frequency	1	ACSM2B
Low-frequency	1	ACSM4
Low-frequency	1	ACSS2
Low-frequency	1	ACTN2
Low-frequency	1	ACTR10
Low-frequency	1	ACVR1B
Low-frequency	1	ADAL
Low-frequency	1	ADAM17
Low-frequency	1	ADAM33
Low-frequency	1	ADAMTS15
Low-frequency	1	ADAMTS9
Low-frequency	1	ADAP1
Low-frequency	1	ADAP2
Low-frequency	1	ADCK1
Low-frequency	1	ADCK5
Low-frequency	1	ADCY1
Low-frequency	1	ADCY3
Low-frequency	1	ADCY7
Low-frequency	1	ADGB
Low-frequency	1	ADGRB1
Low-frequency	1	ADGRB2
Low-frequency	1	ADGRE5
Low-frequency	1	ADGRG1
Low-frequency	1	ADGRL1
Low-frequency	1	ADGRV1
Low-frequency	1	ADH6
Low-frequency	1	ADIPOR2
Low-frequency	1	ADRM1
Low-frequency	1	AEBP1
Low-frequency	1	AFF4
Low-frequency	1	AFG3L1P
Low-frequency	1	AFG3L2
Low-frequency	1	AGAP3
Low-frequency	1	AGAP6
Low-frequency	1	AGFG1
Low-frequency	1	AGGF1
Low-frequency	1	AGO1
Low-frequency	1	AGPAT2
Low-frequency	1	AGPAT5
Low-frequency	1	AGPS
Low-frequency	1	AHCY
Low-frequency	1	AHCYL1
Low-frequency	1	AHI1
Low-frequency	1	AHNAK
Low-frequency	1	AHSA2P
Low-frequency	1	AIFM1
Low-frequency	1	AIMP1
Low-frequency	1	AIRE
Low-frequency	1	AJAP1
Low-frequency	1	AK2
Low-frequency	1	AK7
Low-frequency	1	AKAP10
Low-frequency	1	AKAP11
Low-frequency	1	AKAP13
Low-frequency	1	AKAP9
Low-frequency	1	AKR1D1
Low-frequency	1	AKT2
Low-frequency	1	ALDH16A1
Low-frequency	1	ALDH2
Low-frequency	1	ALDH3A1
Low-frequency	1	ALDH3A2
Low-frequency	1	ALDH3B1
Low-frequency	1	ALDH5A1
Low-frequency	1	ALDOA
Low-frequency	1	ALDOB
Low-frequency	1	ALDOC
Low-frequency	1	ALG1
Low-frequency	1	ALG1L1P
Low-frequency	1	ALK
Low-frequency	1	ALKBH6
Low-frequency	1	ALPK3
Low-frequency	1	ALS2
Low-frequency	1	ALYREF
Low-frequency	1	AMD1
Low-frequency	1	AMHR2
Low-frequency	1	AMOTL1
Low-frequency	1	AMPD1
Low-frequency	1	AMZ1
Low-frequency	1	ANAPC11
Low-frequency	1	ANAPC2
Low-frequency	1	ANAPC7
Low-frequency	1	ANGPTL4
Low-frequency	1	ANKAR
Low-frequency	1	ANKFN1
Low-frequency	1	ANKHD1
Low-frequency	1	ANKHD1-EIF4EBP3
Low-frequency	1	ANKMY1
Low-frequency	1	ANKMY2
Low-frequency	1	ANKRA2
Low-frequency	1	ANKRD13C
Low-frequency	1	ANKRD17
Low-frequency	1	ANKRD2
Low-frequency	1	ANKRD24
Low-frequency	1	ANKRD28
Low-frequency	1	ANKRD36B
Low-frequency	1	ANKS3
Low-frequency	1	ANO8
Low-frequency	1	ANXA7
Low-frequency	1	AP2A2
Low-frequency	1	AP2S1
Low-frequency	1	AP3M2
Low-frequency	1	AP3S2
Low-frequency	1	AP4M1
Low-frequency	1	AP4S1
Low-frequency	1	APEH
Low-frequency	1	API5
Low-frequency	1	APOC3
Low-frequency	1	APOD
Low-frequency	1	APOO
Low-frequency	1	APTX
Low-frequency	1	AQP1
Low-frequency	1	ARAP1
Low-frequency	1	ARAP2
Low-frequency	1	ARF3
Low-frequency	1	ARF5
Low-frequency	1	ARFGAP1
Low-frequency	1	ARFIP1
Low-frequency	1	ARG1
Low-frequency	1	ARHGAP1
Low-frequency	1	ARHGAP21
Low-frequency	1	ARHGAP23
Low-frequency	1	ARHGAP28
Low-frequency	1	ARHGAP33
Low-frequency	1	ARHGEF11
Low-frequency	1	ARHGEF17
Low-frequency	1	ARHGEF2
Low-frequency	1	ARHGEF5
Low-frequency	1	ARHGEF6
Low-frequency	1	ARID3A
Low-frequency	1	ARID3C
Low-frequency	1	ARID4A
Low-frequency	1	ARID4B
Low-frequency	1	ARL13B
Low-frequency	1	ARL5A
Low-frequency	1	ARMC1
Low-frequency	1	ARMC2
Low-frequency	1	ARMC6
Low-frequency	1	ARMC9
Low-frequency	1	ARNT
Low-frequency	1	ARPC1B
Low-frequency	1	ARPIN-AP3S2
Low-frequency	1	ARRB1
Low-frequency	1	ARSK
Low-frequency	1	ARV1
Low-frequency	1	ARVCF
Low-frequency	1	ASAP2
Low-frequency	1	ASB3
Low-frequency	1	ASIC1
Low-frequency	1	ASPHD1
Low-frequency	1	ASPSCR1
Low-frequency	1	ATAD3A
Low-frequency	1	ATF6B
Low-frequency	1	ATG10
Low-frequency	1	ATG4C
Low-frequency	1	ATG5
Low-frequency	1	ATP10D
Low-frequency	1	ATP13A5
Low-frequency	1	ATP1B1
Low-frequency	1	ATP2B4
Low-frequency	1	ATP5MC2
Low-frequency	1	ATP5MC3
Low-frequency	1	ATP5MK
Low-frequency	1	ATP6AP2
Low-frequency	1	ATP6V1C2
Low-frequency	1	ATP6V1D
Low-frequency	1	ATP8B3
Low-frequency	1	ATRAID
Low-frequency	1	ATXN10
Low-frequency	1	AUH
Low-frequency	1	AURKA
Low-frequency	1	AURKB
Low-frequency	1	B4GALNT1
Low-frequency	1	B4GALT3
Low-frequency	1	B9D1
Low-frequency	1	BACE1
Low-frequency	1	BAIAP2
Low-frequency	1	BAIAP2L1
Low-frequency	1	BANK1
Low-frequency	1	BAZ1A
Low-frequency	1	BAZ2A
Low-frequency	1	BBS7
Low-frequency	1	BCAP31
Low-frequency	1	BCAR3
Low-frequency	1	BCAS1
Low-frequency	1	BCKDK
Low-frequency	1	BCL11B
Low-frequency	1	BCL2L13
Low-frequency	1	BCL6
Low-frequency	1	BCL7B
Low-frequency	1	BCL9L
Low-frequency	1	BCLAF1
Low-frequency	1	BCORL1
Low-frequency	1	BCS1L
Low-frequency	1	BLK
Low-frequency	1	BLNK
Low-frequency	1	BLOC1S6
Low-frequency	1	BLTP1
Low-frequency	1	BLTP2
Low-frequency	1	BLVRB
Low-frequency	1	BMP7
Low-frequency	1	BMPER
Low-frequency	1	BNIP3
Low-frequency	1	BOC
Low-frequency	1	BPNT1
Low-frequency	1	BPNT2
Low-frequency	1	BRD2
Low-frequency	1	BRD4
Low-frequency	1	BRDT
Low-frequency	1	BRI3
Low-frequency	1	BRIP1
Low-frequency	1	BRME1
Low-frequency	1	BRPF1
Low-frequency	1	BRSK1
Low-frequency	1	BRWD1
Low-frequency	1	BTAF1
Low-frequency	1	BTBD2
Low-frequency	1	BTBD8
Low-frequency	1	BTBD9
Low-frequency	1	BTD
Low-frequency	1	BTG2
Low-frequency	1	BTLA
Low-frequency	1	BTN3A1
Low-frequency	1	BTNL9
Low-frequency	1	BUD13
Low-frequency	1	BZW1
Low-frequency	1	BZW2
Low-frequency	1	C10orf105
Low-frequency	1	C11orf58
Low-frequency	1	C11orf98
Low-frequency	1	C12orf4
Low-frequency	1	C12orf60
Low-frequency	1	C15orf40
Low-frequency	1	C17orf107
Low-frequency	1	C1DP1
Low-frequency	1	C1S
Low-frequency	1	C1orf116
Low-frequency	1	C1orf43
Low-frequency	1	C3orf52
Low-frequency	1	C7orf57
Low-frequency	1	C8orf33
Low-frequency	1	C9orf78
Low-frequency	1	CABCOCO1
Low-frequency	1	CABP4
Low-frequency	1	CACNA1E
Low-frequency	1	CACNA1G
Low-frequency	1	CACNB1
Low-frequency	1	CACNB3
Low-frequency	1	CACYBP
Low-frequency	1	CAD
Low-frequency	1	CADM1
Low-frequency	1	CADM4
Low-frequency	1	CALB1
Low-frequency	1	CALR3
Low-frequency	1	CAMK2A
Low-frequency	1	CAMK2B
Low-frequency	1	CAMKV
Low-frequency	1	CAMSAP2
Low-frequency	1	CAMTA2
Low-frequency	1	CANX
Low-frequency	1	CAP2
Low-frequency	1	CAPG
Low-frequency	1	CAPN7
Low-frequency	1	CAPN8
Low-frequency	1	CAPNS1
Low-frequency	1	CARMIL1
Low-frequency	1	CARMIL2
Low-frequency	1	CASD1
Low-frequency	1	CASKIN2
Low-frequency	1	CASP2
Low-frequency	1	CASP4
Low-frequency	1	CASP6
Low-frequency	1	CAT
Low-frequency	1	CATSPERD
Low-frequency	1	CATSPERG
Low-frequency	1	CBR4
Low-frequency	1	CCDC102A
Low-frequency	1	CCDC120
Low-frequency	1	CCDC14
Low-frequency	1	CCDC183
Low-frequency	1	CCDC186
Low-frequency	1	CCDC22
Low-frequency	1	CCDC50
Low-frequency	1	CCDC59
Low-frequency	1	CCDC66
Low-frequency	1	CCDC7
Low-frequency	1	CCDC85C
Low-frequency	1	CCDC91
Low-frequency	1	CCL13
Low-frequency	1	CCL5
Low-frequency	1	CCNDBP1
Low-frequency	1	CCNG1
Low-frequency	1	CCNI
Low-frequency	1	CCNK
Low-frequency	1	CCNL1
Low-frequency	1	CCNT1
Low-frequency	1	CCNY
Low-frequency	1	CCR7
Low-frequency	1	CCT3
Low-frequency	1	CCT6A
Low-frequency	1	CD19
Low-frequency	1	CD2AP
Low-frequency	1	CD36
Low-frequency	1	CD46
Low-frequency	1	CD55
Low-frequency	1	CD68
Low-frequency	1	CD82
Low-frequency	1	CD96
Low-frequency	1	CDC14B
Low-frequency	1	CDC16
Low-frequency	1	CDC42SE1
Low-frequency	1	CDC45
Low-frequency	1	CDCA2
Low-frequency	1	CDCA8
Low-frequency	1	CDHR3
Low-frequency	1	CDK12
Low-frequency	1	CDK14
Low-frequency	1	CDK17
Low-frequency	1	CDK18
Low-frequency	1	CDK19
Low-frequency	1	CDK3
Low-frequency	1	CDKL1
Low-frequency	1	CEBPZ
Low-frequency	1	CELA3A
Low-frequency	1	CELF1
Low-frequency	1	CELF2
Low-frequency	1	CEMIP
Low-frequency	1	CEMIP2
Low-frequency	1	CENATAC
Low-frequency	1	CENPE
Low-frequency	1	CENPH
Low-frequency	1	CENPI
Low-frequency	1	CENPJ
Low-frequency	1	CENPS
Low-frequency	1	CENPS-CORT
Low-frequency	1	CENPT
Low-frequency	1	CEP104
Low-frequency	1	CEP112
Low-frequency	1	CEP128
Low-frequency	1	CEP162
Low-frequency	1	CEP164
Low-frequency	1	CEP170B
Low-frequency	1	CEP41
Low-frequency	1	CEP68
Low-frequency	1	CEP78
Low-frequency	1	CERK
Low-frequency	1	CFAP206
Low-frequency	1	CFAP36
Low-frequency	1	CFAP44
Low-frequency	1	CFAP45
Low-frequency	1	CFAP58
Low-frequency	1	CFAP65
Low-frequency	1	CFAP77
Low-frequency	1	CFL1
Low-frequency	1	CHAF1B
Low-frequency	1	CHCHD6
Low-frequency	1	CHD3
Low-frequency	1	CHD8
Low-frequency	1	CHEK1
Low-frequency	1	CHFR
Low-frequency	1	CHGA
Low-frequency	1	CHL1
Low-frequency	1	CHMP4A
Low-frequency	1	CHMP5
Low-frequency	1	CHRAC1
Low-frequency	1	CHRD
Low-frequency	1	CHRNA1
Low-frequency	1	CHRNE
Low-frequency	1	CHROMR
Low-frequency	1	CHTOP
Low-frequency	1	CIAO3
Low-frequency	1	CIB2
Low-frequency	1	CIC
Low-frequency	1	CIDEB
Low-frequency	1	CIP2A
Low-frequency	1	CIR1
Low-frequency	1	CIRBP
Low-frequency	1	CLCN4
Low-frequency	1	CLCN6
Low-frequency	1	CLDN15
Low-frequency	1	CLDN19
Low-frequency	1	CLDN2
Low-frequency	1	CLDND1
Low-frequency	1	CLIP1
Low-frequency	1	CLIP4
Low-frequency	1	CLK1
Low-frequency	1	CLK3
Low-frequency	1	CLK4
Low-frequency	1	CLMN
Low-frequency	1	CLPP
Low-frequency	1	CLPTM1
Low-frequency	1	CMC1
Low-frequency	1	CNBP
Low-frequency	1	CNGA1
Low-frequency	1	CNGB1
Low-frequency	1	CNIH2
Low-frequency	1	CNKSR1
Low-frequency	1	CNOT10
Low-frequency	1	CNOT6L
Low-frequency	1	CNPY2
Low-frequency	1	CNTNAP2
Low-frequency	1	CNTNAP4
Low-frequency	1	CNTROB
Low-frequency	1	COA5
Low-frequency	1	COG2
Low-frequency	1	COG6
Low-frequency	1	COG7
Low-frequency	1	COL18A1
Low-frequency	1	COL20A1
Low-frequency	1	COL21A1
Low-frequency	1	COLEC12
Low-frequency	1	COMMD10
Low-frequency	1	COMP
Low-frequency	1	COP1
Low-frequency	1	COPB1
Low-frequency	1	COPS2
Low-frequency	1	COPZ1
Low-frequency	1	COQ5
Low-frequency	1	COQ6
Low-frequency	1	CORO2B
Low-frequency	1	COTL1
Low-frequency	1	COX10
Low-frequency	1	COX19
Low-frequency	1	CPB2
Low-frequency	1	CPEB2
Low-frequency	1	CPED1
Low-frequency	1	CPLANE1
Low-frequency	1	CPLANE2
Low-frequency	1	CPO
Low-frequency	1	CPSF3
Low-frequency	1	CR1L
Low-frequency	1	CRABP2
Low-frequency	1	CRAT
Low-frequency	1	CREB3L2
Low-frequency	1	CREG2
Low-frequency	1	CRIP3
Low-frequency	1	CRNKL1
Low-frequency	1	CRYBG1
Low-frequency	1	CS
Low-frequency	1	CSGALNACT1
Low-frequency	1	CSNK1D
Low-frequency	1	CSNK1E
Low-frequency	1	CSNK1G2
Low-frequency	1	CSNK2A2
Low-frequency	1	CSPP1
Low-frequency	1	CTSB
Low-frequency	1	CUEDC1
Low-frequency	1	CUEDC2
Low-frequency	1	CUL4B
Low-frequency	1	CUL5
Low-frequency	1	CUTA
Low-frequency	1	CWC25
Low-frequency	1	CWC27
Low-frequency	1	CWF19L2
Low-frequency	1	CWH43
Low-frequency	1	CXADR
Low-frequency	1	CXCL9
Low-frequency	1	CXXC1
Low-frequency	1	CXorf38
Low-frequency	1	CYB5R1
Low-frequency	1	CYFIP2
Low-frequency	1	CYLD
Low-frequency	1	CYP1A2
Low-frequency	1	CYP2E1
Low-frequency	1	CYP3A5
Low-frequency	1	CYP4A11
Low-frequency	1	CYP4F2
Low-frequency	1	CYP4F22
Low-frequency	1	CYP4X1
Low-frequency	1	CYRIA
Low-frequency	1	CYTH1
Low-frequency	1	DACH1
Low-frequency	1	DAGLA
Low-frequency	1	DAP3
Low-frequency	1	DAW1
Low-frequency	1	DAZAP1
Low-frequency	1	DAZL
Low-frequency	1	DBF4B
Low-frequency	1	DBNL
Low-frequency	1	DBR1
Low-frequency	1	DCAF13
Low-frequency	1	DCAF15
Low-frequency	1	DCAF8
Low-frequency	1	DCBLD2
Low-frequency	1	DCP1A
Low-frequency	1	DCT
Low-frequency	1	DCTN5
Low-frequency	1	DCUN1D1
Low-frequency	1	DCXR
Low-frequency	1	DDX21
Low-frequency	1	DDX23
Low-frequency	1	DDX50
Low-frequency	1	DDX60L
Low-frequency	1	DEAF1
Low-frequency	1	DEK
Low-frequency	1	DELEC1
Low-frequency	1	DENND10
Low-frequency	1	DENND4A
Low-frequency	1	DENND6A
Low-frequency	1	DESI1
Low-frequency	1	DESI2
Low-frequency	1	DEUP1
Low-frequency	1	DFFB
Low-frequency	1	DGAT1
Low-frequency	1	DGKH
Low-frequency	1	DGKZ
Low-frequency	1	DHCR24
Low-frequency	1	DHODH
Low-frequency	1	DHPS
Low-frequency	1	DHRSX
Low-frequency	1	DHX30
Low-frequency	1	DHX40
Low-frequency	1	DHX8
Low-frequency	1	DIMT1
Low-frequency	1	DIPK1A
Low-frequency	1	DIS3L2
Low-frequency	1	DLEC1
Low-frequency	1	DLG1
Low-frequency	1	DLG4
Low-frequency	1	DLST
Low-frequency	1	DMAC2L
Low-frequency	1	DMBT1
Low-frequency	1	DMBX1
Low-frequency	1	DMC1
Low-frequency	1	DMPK
Low-frequency	1	DMXL2
Low-frequency	1	DNA2
Low-frequency	1	DNAAF11
Low-frequency	1	DNAAF9
Low-frequency	1	DNAH2
Low-frequency	1	DNAH8
Low-frequency	1	DNAJA1
Low-frequency	1	DNAJB6
Low-frequency	1	DNAJC10
Low-frequency	1	DNAJC25-GNG10
Low-frequency	1	DNAJC8
Low-frequency	1	DNMBP
Low-frequency	1	DNMT1
Low-frequency	1	DNTTIP2
Low-frequency	1	DOCK11
Low-frequency	1	DOCK6
Low-frequency	1	DOCK7
Low-frequency	1	DOK4
Low-frequency	1	DPH6
Low-frequency	1	DPP10
Low-frequency	1	DPY19L1P1
Low-frequency	1	DPY19L2P1
Low-frequency	1	DPY19L4
Low-frequency	1	DPY30
Low-frequency	1	DPYSL2
Low-frequency	1	DSG1
Low-frequency	1	DTNA
Low-frequency	1	DTYMK
Low-frequency	1	DUOX1
Low-frequency	1	DUOX2
Low-frequency	1	DUSP12
Low-frequency	1	DYNC2I1
Low-frequency	1	DYNC2I2
Low-frequency	1	DYNLT2B
Low-frequency	1	E2F1
Low-frequency	1	E2F2
Low-frequency	1	E2F4
Low-frequency	1	ECI2
Low-frequency	1	ECPAS
Low-frequency	1	EDC4
Low-frequency	1	EDEM3
Low-frequency	1	EEA1
Low-frequency	1	EED
Low-frequency	1	EEF1AKMT1
Low-frequency	1	EEF2
Low-frequency	1	EEIG2
Low-frequency	1	EFCAB13
Low-frequency	1	EFCAB7
Low-frequency	1	EFL1
Low-frequency	1	EHBP1L1
Low-frequency	1	EHF
Low-frequency	1	EHMT2
Low-frequency	1	EI24
Low-frequency	1	EIF2A
Low-frequency	1	EIF2B4
Low-frequency	1	EIF2S1
Low-frequency	1	EIF3A
Low-frequency	1	EIF3L
Low-frequency	1	EIF4E2
Low-frequency	1	EIF4G1
Low-frequency	1	EIF5B
Low-frequency	1	ELAC2
Low-frequency	1	ELAVL1
Low-frequency	1	ELF1
Low-frequency	1	ELF3
Low-frequency	1	ELK1
Low-frequency	1	ELOVL1
Low-frequency	1	EMC10
Low-frequency	1	ENO2
Low-frequency	1	ENOX2
Low-frequency	1	ENPP2
Low-frequency	1	ENTREP1
Low-frequency	1	EPB41L2
Low-frequency	1	EPB41L4A
Low-frequency	1	EPC1
Low-frequency	1	EPCAM
Low-frequency	1	EPHA1
Low-frequency	1	EPHA10
Low-frequency	1	EPHB2
Low-frequency	1	EPHB4
Low-frequency	1	EPS8L2
Low-frequency	1	ERAL1
Low-frequency	1	ERCC3
Low-frequency	1	ERCC6
Low-frequency	1	ERGIC2
Low-frequency	1	ERI2
Low-frequency	1	ERLEC1
Low-frequency	1	ERMARD
Low-frequency	1	ERMP1
Low-frequency	1	ERO1A
Low-frequency	1	ERP44
Low-frequency	1	ESCO2
Low-frequency	1	ESD
Low-frequency	1	ESRP1
Low-frequency	1	ETHE1
Low-frequency	1	ETV3
Low-frequency	1	ETV4
Low-frequency	1	ETV5
Low-frequency	1	EXD2
Low-frequency	1	EXOC1
Low-frequency	1	EXOC2
Low-frequency	1	EXOC5
Low-frequency	1	EXOSC9
Low-frequency	1	EYS
Low-frequency	1	EZH1
Low-frequency	1	FAAH
Low-frequency	1	FABP3
Low-frequency	1	FAF2
Low-frequency	1	FAM107B
Low-frequency	1	FAM114A1
Low-frequency	1	FAM114A2
Low-frequency	1	FAM120A
Low-frequency	1	FAM131A
Low-frequency	1	FAM135A
Low-frequency	1	FAM172A
Low-frequency	1	FAM177B
Low-frequency	1	FAM193A
Low-frequency	1	FAM205A
Low-frequency	1	FAM20A
Low-frequency	1	FAM20C
Low-frequency	1	FAM217B
Low-frequency	1	FAM227B
Low-frequency	1	FAM234A
Low-frequency	1	FAM234B
Low-frequency	1	FAM53B
Low-frequency	1	FAM81B
Low-frequency	1	FAM91A1
Low-frequency	1	FAM98C
Low-frequency	1	FAN1
Low-frequency	1	FANCD2OS
Low-frequency	1	FANCG
Low-frequency	1	FANCL
Low-frequency	1	FANCM
Low-frequency	1	FAR2
Low-frequency	1	FARSB
Low-frequency	1	FASTKD2
Low-frequency	1	FAT1
Low-frequency	1	FAU
Low-frequency	1	FBF1
Low-frequency	1	FBH1
Low-frequency	1	FBLN1
Low-frequency	1	FBN2
Low-frequency	1	FBXL5
Low-frequency	1	FBXO25
Low-frequency	1	FBXO9
Low-frequency	1	FBXW2
Low-frequency	1	FCGRT
Low-frequency	1	FES
Low-frequency	1	FEZ2
Low-frequency	1	FGF2
Low-frequency	1	FH
Low-frequency	1	FHIT
Low-frequency	1	FHL1
Low-frequency	1	FHOD1
Low-frequency	1	FHOD3
Low-frequency	1	FICD
Low-frequency	1	FKTN
Low-frequency	1	FLCN
Low-frequency	1	FLII
Low-frequency	1	FLJ40194
Low-frequency	1	FLVCR2
Low-frequency	1	FNIP1
Low-frequency	1	FOXK2
Low-frequency	1	FOXP2
Low-frequency	1	FOXP3
Low-frequency	1	FOXP4
Low-frequency	1	FPGS
Low-frequency	1	FREM1
Low-frequency	1	FRK
Low-frequency	1	FRMD6
Low-frequency	1	FRS3
Low-frequency	1	FSIP1
Low-frequency	1	FTO
Low-frequency	1	FTSJ3
Low-frequency	1	FUCA2
Low-frequency	1	FURIN
Low-frequency	1	FXYD2
Low-frequency	1	FXYD3
Low-frequency	1	FXYD6-FXYD2
Low-frequency	1	FYCO1
Low-frequency	1	FZD6
Low-frequency	1	GABPA
Low-frequency	1	GABRA1
Low-frequency	1	GABRB3
Low-frequency	1	GABRG3
Low-frequency	1	GALE
Low-frequency	1	GALNT15
Low-frequency	1	GAN
Low-frequency	1	GANAB
Low-frequency	1	GAR1
Low-frequency	1	GAREM1
Low-frequency	1	GARS1
Low-frequency	1	GATD1
Low-frequency	1	GATD3
Low-frequency	1	GBF1
Low-frequency	1	GCC1
Low-frequency	1	GCDH
Low-frequency	1	GCFC2
Low-frequency	1	GCK
Low-frequency	1	GDAP2
Low-frequency	1	GDPD3
Low-frequency	1	GEMIN5
Low-frequency	1	GEN1
Low-frequency	1	GET1
Low-frequency	1	GET3
Low-frequency	1	GFM1
Low-frequency	1	GGA3
Low-frequency	1	GHRHR
Low-frequency	1	GIN1
Low-frequency	1	GINS1
Low-frequency	1	GIT1
Low-frequency	1	GLOD4
Low-frequency	1	GLRA1
Low-frequency	1	GNA12
Low-frequency	1	GNAT1
Low-frequency	1	GNG10
Low-frequency	1	GNL1
Low-frequency	1	GNL2
Low-frequency	1	GNL3
Low-frequency	1	GNPDA1
Low-frequency	1	GOLGA2
Low-frequency	1	GOLGA6A
Low-frequency	1	GOLPH3L
Low-frequency	1	GOLT1B
Low-frequency	1	GORAB
Low-frequency	1	GP2
Low-frequency	1	GPAT4
Low-frequency	1	GPATCH4
Low-frequency	1	GPC1
Low-frequency	1	GPD2
Low-frequency	1	GPHA2
Low-frequency	1	GPHN
Low-frequency	1	GPN1
Low-frequency	1	GPR137B
Low-frequency	1	GPS1
Low-frequency	1	GPS2
Low-frequency	1	GRAMD1A
Low-frequency	1	GRAMD1C
Low-frequency	1	GRB14
Low-frequency	1	GRB7
Low-frequency	1	GREB1
Low-frequency	1	GRHL2
Low-frequency	1	GRHPR
Low-frequency	1	GRINA
Low-frequency	1	GRK2
Low-frequency	1	GRK4
Low-frequency	1	GRSF1
Low-frequency	1	GSDMB
Low-frequency	1	GSDMC
Low-frequency	1	GSDME
Low-frequency	1	GSTA1
Low-frequency	1	GSTA4
Low-frequency	1	GTF2H5
Low-frequency	1	GTF2I
Low-frequency	1	GTF3C1
Low-frequency	1	GTF3C3
Low-frequency	1	GTPBP3
Low-frequency	1	GULP1
Low-frequency	1	GYG2
Low-frequency	1	GYPA
Low-frequency	1	GYPE
Low-frequency	1	GYS2
Low-frequency	1	HACD4
Low-frequency	1	HAGHL
Low-frequency	1	HAUS1
Low-frequency	1	HAUS4
Low-frequency	1	HBS1L
Low-frequency	1	HCCS
Low-frequency	1	HCFC2
Low-frequency	1	HDAC11
Low-frequency	1	HDAC2
Low-frequency	1	HDLBP
Low-frequency	1	HEATR1
Low-frequency	1	HEATR3
Low-frequency	1	HEATR5A
Low-frequency	1	HECTD3
Low-frequency	1	HELQ
Low-frequency	1	HELZ
Low-frequency	1	HERC2
Low-frequency	1	HERC4
Low-frequency	1	HES1
Low-frequency	1	HES7
Low-frequency	1	HEY1
Low-frequency	1	HFM1
Low-frequency	1	HIBCH
Low-frequency	1	HIF1A
Low-frequency	1	HIGD1A
Low-frequency	1	HINT3
Low-frequency	1	HIRIP3
Low-frequency	1	HKDC1
Low-frequency	1	HLA-DPA1
Low-frequency	1	HLCS
Low-frequency	1	HM13
Low-frequency	1	HMG20B
Low-frequency	1	HMGCLL1
Low-frequency	1	HMGCS1
Low-frequency	1	HMGN1
Low-frequency	1	HMGXB3
Low-frequency	1	HNRNPA1
Low-frequency	1	HNRNPA3
Low-frequency	1	HNRNPM
Low-frequency	1	HOMER1
Low-frequency	1	HOXB2
Low-frequency	1	HP
Low-frequency	1	HP1BP3
Low-frequency	1	HPGD
Low-frequency	1	HPN
Low-frequency	1	HR
Low-frequency	1	HSPA4
Low-frequency	1	HSPA8
Low-frequency	1	HSPA9
Low-frequency	1	HSPD1
Low-frequency	1	HSPE1-MOB4
Low-frequency	1	HTT
Low-frequency	1	HVCN1
Low-frequency	1	HYOU1
Low-frequency	1	IARS1
Low-frequency	1	IBTK
Low-frequency	1	ICAM5
Low-frequency	1	ICE2
Low-frequency	1	ID3
Low-frequency	1	IDO1
Low-frequency	1	IFI30
Low-frequency	1	IFI44L
Low-frequency	1	IFNAR1
Low-frequency	1	IFNAR2-IL10RB
Low-frequency	1	IFNL2
Low-frequency	1	IFRD1
Low-frequency	1	IFRD2
Low-frequency	1	IFT25
Low-frequency	1	IFT80
Low-frequency	1	IGDCC3
Low-frequency	1	IGF1R
Low-frequency	1	IGSF1
Low-frequency	1	IGSF6
Low-frequency	1	IGSF8
Low-frequency	1	IGSF9B
Low-frequency	1	IKZF2
Low-frequency	1	IL10RA
Low-frequency	1	IL10RB
Low-frequency	1	IL15
Low-frequency	1	IL16
Low-frequency	1	IL17RA
Low-frequency	1	IL1RN
Low-frequency	1	IL2RB
Low-frequency	1	IL4I1
Low-frequency	1	IL6ST
Low-frequency	1	ILVBL
Low-frequency	1	IMMT
Low-frequency	1	IMPA1
Low-frequency	1	IMPA2
Low-frequency	1	IMPACT
Low-frequency	1	IMPG2
Low-frequency	1	INMT-MINDY4
Low-frequency	1	INPP5B
Low-frequency	1	INPP5J
Low-frequency	1	INSR
Low-frequency	1	INTS2
Low-frequency	1	INTS5
Low-frequency	1	INTU
Low-frequency	1	INVS
Low-frequency	1	IP6K1
Low-frequency	1	IPO13
Low-frequency	1	IPO5
Low-frequency	1	IQCG
Low-frequency	1	IQCK
Low-frequency	1	IQGAP2
Low-frequency	1	IRAG2
Low-frequency	1	IREB2
Low-frequency	1	IRF1
Low-frequency	1	IRF3
Low-frequency	1	IRF7
Low-frequency	1	ISOC1
Low-frequency	1	ISYNA1
Low-frequency	1	ITCH
Low-frequency	1	ITFG1
Low-frequency	1	ITGA1
Low-frequency	1	ITGA2
Low-frequency	1	ITGA4
Low-frequency	1	ITGA8
Low-frequency	1	ITGAL
Low-frequency	1	ITGB1
Low-frequency	1	ITGB3BP
Low-frequency	1	ITGB6
Low-frequency	1	ITGBL1
Low-frequency	1	ITIH1
Low-frequency	1	ITIH2
Low-frequency	1	ITK
Low-frequency	1	ITM2C
Low-frequency	1	ITPA
Low-frequency	1	ITPRID1
Low-frequency	1	IZUMO4
Low-frequency	1	JAK1
Low-frequency	1	JMJD6
Low-frequency	1	JMJD7-PLA2G4B
Low-frequency	1	JMJD8
Low-frequency	1	KARS1
Low-frequency	1	KAT2B
Low-frequency	1	KAT6B
Low-frequency	1	KCNAB1
Low-frequency	1	KCNC3
Low-frequency	1	KCNH8
Low-frequency	1	KCNN3
Low-frequency	1	KCNT2
Low-frequency	1	KCTD3
Low-frequency	1	KDF1
Low-frequency	1	KDM3A
Low-frequency	1	KDM5B
Low-frequency	1	KDM6B
Low-frequency	1	KEAP1
Low-frequency	1	KHDC4
Low-frequency	1	KIAA0513
Low-frequency	1	KIAA2026
Low-frequency	1	KIF13B
Low-frequency	1	KIF15
Low-frequency	1	KIF18A
Low-frequency	1	KIF1A
Low-frequency	1	KIF21B
Low-frequency	1	KIF3A
Low-frequency	1	KIF3B
Low-frequency	1	KIFAP3
Low-frequency	1	KLC1
Low-frequency	1	KLF12
Low-frequency	1	KLF3
Low-frequency	1	KLHDC10
Low-frequency	1	KLHDC3
Low-frequency	1	KLRD1
Low-frequency	1	KMT2B
Low-frequency	1	KMT2E
Low-frequency	1	KMT5A
Low-frequency	1	KMT5B
Low-frequency	1	KNOP1
Low-frequency	1	KPNA1
Low-frequency	1	KPNA4
Low-frequency	1	KPNA5
Low-frequency	1	KRBA1
Low-frequency	1	KRBOX1
Low-frequency	1	KRBOX4
Low-frequency	1	KRIT1
Low-frequency	1	KRT15
Low-frequency	1	KRT19
Low-frequency	1	KRT80
Low-frequency	1	KRT82
Low-frequency	1	KY
Low-frequency	1	KYAT1
Low-frequency	1	L2HGDH
Low-frequency	1	L3MBTL4
Low-frequency	1	LACTB
Low-frequency	1	LAD1
Low-frequency	1	LAMB3
Low-frequency	1	LAMP1
Low-frequency	1	LAMP2
Low-frequency	1	LARP4
Low-frequency	1	LASP1
Low-frequency	1	LBHD1
Low-frequency	1	LDLRAD4
Low-frequency	1	LENG8
Low-frequency	1	LEO1
Low-frequency	1	LFNG
Low-frequency	1	LGMN
Low-frequency	1	LGR6
Low-frequency	1	LIFR
Low-frequency	1	LILRA2
Low-frequency	1	LILRA6
Low-frequency	1	LILRB2
Low-frequency	1	LIMASI
Low-frequency	1	LINS1
Low-frequency	1	LITAF
Low-frequency	1	LMBRD2
Low-frequency	1	LMF2
Low-frequency	1	LONP2
Low-frequency	1	LOXL1
Low-frequency	1	LPAR1
Low-frequency	1	LPCAT1
Low-frequency	1	LPCAT2
Low-frequency	1	LPCAT4
Low-frequency	1	LPIN2
Low-frequency	1	LPIN3
Low-frequency	1	LRIG3
Low-frequency	1	LRP1
Low-frequency	1	LRP10
Low-frequency	1	LRP1B
Low-frequency	1	LRP8
Low-frequency	1	LRRC1
Low-frequency	1	LRRC27
Low-frequency	1	LRRC34
Low-frequency	1	LRRC45
Low-frequency	1	LRRC56
Low-frequency	1	LRRK1
Low-frequency	1	LSM12
Low-frequency	1	LTA4H
Low-frequency	1	LTB4R2
Low-frequency	1	LTC4S
Low-frequency	1	LTK
Low-frequency	1	LUCAT1
Low-frequency	1	LY75
Low-frequency	1	LY75-CD302
Low-frequency	1	LYG1
Low-frequency	1	LYN
Low-frequency	1	MAB21L3
Low-frequency	1	MACROD2
Low-frequency	1	MACROH2A2
Low-frequency	1	MAEA
Low-frequency	1	MAGEA11
Low-frequency	1	MAGED1
Low-frequency	1	MAGI1
Low-frequency	1	MAGOHB
Low-frequency	1	MAGT1
Low-frequency	1	MALAT1
Low-frequency	1	MALRD1
Low-frequency	1	MALT1
Low-frequency	1	MAN2A1
Low-frequency	1	MAN2A2
Low-frequency	1	MANBA
Low-frequency	1	MAP2K3
Low-frequency	1	MAP2K7
Low-frequency	1	MAP3K12
Low-frequency	1	MAP3K14
Low-frequency	1	MAP3K2
Low-frequency	1	MAP3K3
Low-frequency	1	MAP3K7
Low-frequency	1	MAP4K1
Low-frequency	1	MAP7D1
Low-frequency	1	MAPK6
Low-frequency	1	MAPK8
Low-frequency	1	MAPKAPK3
Low-frequency	1	MAST2
Low-frequency	1	MASTL
Low-frequency	1	MATCAP1
Low-frequency	1	MATCAP2
Low-frequency	1	MAVS
Low-frequency	1	MBD5
Low-frequency	1	MBD6
Low-frequency	1	MBNL1
Low-frequency	1	MBOAT1
Low-frequency	1	MBTPS2
Low-frequency	1	MCM3AP
Low-frequency	1	MCM4
Low-frequency	1	MCM6
Low-frequency	1	MCM7
Low-frequency	1	MCM8
Low-frequency	1	MCM9
Low-frequency	1	MCMBP
Low-frequency	1	MCOLN3
Low-frequency	1	MCTS1
Low-frequency	1	MCU
Low-frequency	1	MDC1
Low-frequency	1	MDM2
Low-frequency	1	ME1
Low-frequency	1	ME2
Low-frequency	1	MED1
Low-frequency	1	MED13L
Low-frequency	1	MED17
Low-frequency	1	MED25
Low-frequency	1	MED29
Low-frequency	1	MEF2A
Low-frequency	1	MEGF11
Low-frequency	1	MEGF6
Low-frequency	1	MEMO1
Low-frequency	1	MEPCE
Low-frequency	1	MERTK
Low-frequency	1	MESD
Low-frequency	1	MEST
Low-frequency	1	MET
Low-frequency	1	METAP1D
Low-frequency	1	METAP2
Low-frequency	1	METTL25
Low-frequency	1	METTL27
Low-frequency	1	METTL4
Low-frequency	1	METTL5
Low-frequency	1	METTL9
Low-frequency	1	MFF
Low-frequency	1	MFN1
Low-frequency	1	MFN2
Low-frequency	1	MFRP
Low-frequency	1	MFSD2A
Low-frequency	1	MGP
Low-frequency	1	MGST2
Low-frequency	1	MIA
Low-frequency	1	MIA-RAB4B
Low-frequency	1	MIA2
Low-frequency	1	MICALL1
Low-frequency	1	MICALL2
Low-frequency	1	MIDEAS
Low-frequency	1	MIER2
Low-frequency	1	MINDY4
Low-frequency	1	MIPOL1
Low-frequency	1	MISP
Low-frequency	1	MITD1
Low-frequency	1	MKLN1
Low-frequency	1	MKNK1
Low-frequency	1	MKRN1
Low-frequency	1	MLANA
Low-frequency	1	MLKL
Low-frequency	1	MLLT6
Low-frequency	1	MMP10
Low-frequency	1	MMP14
Low-frequency	1	MMP17
Low-frequency	1	MMP2
Low-frequency	1	MMS22L
Low-frequency	1	MNS1
Low-frequency	1	MOB4
Low-frequency	1	MOCS1
Low-frequency	1	MORF4L1
Low-frequency	1	MPDU1
Low-frequency	1	MPDZ
Low-frequency	1	MPHOSPH10
Low-frequency	1	MPHOSPH6
Low-frequency	1	MRI1
Low-frequency	1	MRPL12
Low-frequency	1	MRPL13
Low-frequency	1	MRPL17
Low-frequency	1	MRPL19
Low-frequency	1	MRPL2
Low-frequency	1	MRPL39
Low-frequency	1	MRPL4
Low-frequency	1	MRPL45
Low-frequency	1	MRPL58
Low-frequency	1	MRPL9
Low-frequency	1	MRPS9
Low-frequency	1	MRRF
Low-frequency	1	MRS2
Low-frequency	1	MSH3
Low-frequency	1	MSLN
Low-frequency	1	MSRB3
Low-frequency	1	MT1A
Low-frequency	1	MTARC1
Low-frequency	1	MTERF4
Low-frequency	1	MTG1
Low-frequency	1	MTG2
Low-frequency	1	MTHFD2L
Low-frequency	1	MTMR11
Low-frequency	1	MTREX
Low-frequency	1	MTRR
Low-frequency	1	MTSS1
Low-frequency	1	MUC2
Low-frequency	1	MUC5B
Low-frequency	1	MVP
Low-frequency	1	MYBBP1A
Low-frequency	1	MYEF2
Low-frequency	1	MYH10
Low-frequency	1	MYH15
Low-frequency	1	MYH6
Low-frequency	1	MYH7B
Low-frequency	1	MYH8
Low-frequency	1	MYL3
Low-frequency	1	MYL4
Low-frequency	1	MYLK2
Low-frequency	1	MYLK3
Low-frequency	1	MYO1D
Low-frequency	1	MYO1F
Low-frequency	1	MYO6
Low-frequency	1	MYOZ1
Low-frequency	1	N4BP2L1
Low-frequency	1	N6AMT1
Low-frequency	1	NAA25
Low-frequency	1	NAA35
Low-frequency	1	NACA
Low-frequency	1	NACAD
Low-frequency	1	NACC1
Low-frequency	1	NADK
Low-frequency	1	NAE1
Low-frequency	1	NAGPA
Low-frequency	1	NAPB
Low-frequency	1	NAPRT
Low-frequency	1	NARS1
Low-frequency	1	NAXD
Low-frequency	1	NAXE
Low-frequency	1	NBAS
Low-frequency	1	NBPF1
Low-frequency	1	NBPF3
Low-frequency	1	NCAM1
Low-frequency	1	NCAPG
Low-frequency	1	NCAPH
Low-frequency	1	NCBP1
Low-frequency	1	NCBP2
Low-frequency	1	NCKAP1
Low-frequency	1	NCOA6
Low-frequency	1	NDC80
Low-frequency	1	NDE1
Low-frequency	1	NDFIP2
Low-frequency	1	NDUFA1
Low-frequency	1	NDUFA12
Low-frequency	1	NDUFA13
Low-frequency	1	NDUFA3
Low-frequency	1	NDUFA9
Low-frequency	1	NDUFAF5
Low-frequency	1	NDUFAF7
Low-frequency	1	NDUFB3
Low-frequency	1	NDUFB4
Low-frequency	1	NDUFB9
Low-frequency	1	NDUFS4
Low-frequency	1	NEDD9
Low-frequency	1	NEIL1
Low-frequency	1	NEK1
Low-frequency	1	NEK11
Low-frequency	1	NEK4
Low-frequency	1	NEK8
Low-frequency	1	NET1
Low-frequency	1	NEURL4
Low-frequency	1	NFASC
Low-frequency	1	NFAT5
Low-frequency	1	NFE2L2
Low-frequency	1	NFIC
Low-frequency	1	NFKBIZ
Low-frequency	1	NFX1
Low-frequency	1	NFXL1
Low-frequency	1	NHEJ1
Low-frequency	1	NIBAN1
Low-frequency	1	NIPAL1
Low-frequency	1	NIPSNAP1
Low-frequency	1	NIPSNAP2
Low-frequency	1	NKTR
Low-frequency	1	NLGN2
Low-frequency	1	NLN
Low-frequency	1	NLRC5
Low-frequency	1	NLRP1
Low-frequency	1	NME7
Low-frequency	1	NOBOX
Low-frequency	1	NOD1
Low-frequency	1	NOL4L
Low-frequency	1	NOL7
Low-frequency	1	NOMO2
Low-frequency	1	NONO
Low-frequency	1	NOP14
Low-frequency	1	NOP58
Low-frequency	1	NOP9
Low-frequency	1	NOS1AP
Low-frequency	1	NOTCH2
Low-frequency	1	NPDC1
Low-frequency	1	NPHP3
Low-frequency	1	NPL
Low-frequency	1	NPY
Low-frequency	1	NR3C2
Low-frequency	1	NRP2
Low-frequency	1	NRXN1
Low-frequency	1	NSD2
Low-frequency	1	NSG2
Low-frequency	1	NSUN5P1
Low-frequency	1	NSUN7
Low-frequency	1	NTRK1
Low-frequency	1	NUAK2
Low-frequency	1	NUCB1
Low-frequency	1	NUF2
Low-frequency	1	NUP107
Low-frequency	1	NUP58
Low-frequency	1	NXF1
Low-frequency	1	OBI1
Low-frequency	1	OBSL1
Low-frequency	1	ODF2L
Low-frequency	1	ODR4
Low-frequency	1	OGFOD3
Low-frequency	1	OGG1
Low-frequency	1	OLFM4
Low-frequency	1	OPHN1
Low-frequency	1	OPTN
Low-frequency	1	ORC6
Low-frequency	1	OSBPL2
Low-frequency	1	OSBPL3
Low-frequency	1	OSMR
Low-frequency	1	OSTC
Low-frequency	1	OTOF
Low-frequency	1	OTUD4
Low-frequency	1	OTULIN
Low-frequency	1	OVOL2
Low-frequency	1	OXNAD1
Low-frequency	1	OXR1
Low-frequency	1	OXSR1
Low-frequency	1	P4HA1
Low-frequency	1	P4HA3
Low-frequency	1	P4HB
Low-frequency	1	PACSIN3
Low-frequency	1	PAICS
Low-frequency	1	PAIP2
Low-frequency	1	PAK1
Low-frequency	1	PALS2
Low-frequency	1	PAM
Low-frequency	1	PANK2
Low-frequency	1	PANK3
Low-frequency	1	PAPLN
Low-frequency	1	PAPOLG
Low-frequency	1	PAQR6
Low-frequency	1	PARP1
Low-frequency	1	PARP10
Low-frequency	1	PARP12
Low-frequency	1	PARP2
Low-frequency	1	PARP3
Low-frequency	1	PARVB
Low-frequency	1	PARVG
Low-frequency	1	PATE2
Low-frequency	1	PATL2
Low-frequency	1	PATZ1
Low-frequency	1	PAWR
Low-frequency	1	PAX3
Low-frequency	1	PAXIP1
Low-frequency	1	PBLD
Low-frequency	1	PCBP4
Low-frequency	1	PCDH19
Low-frequency	1	PCGF5
Low-frequency	1	PCM1
Low-frequency	1	PCNX4
Low-frequency	1	PCSK1
Low-frequency	1	PCSK6
Low-frequency	1	PCSK7
Low-frequency	1	PDCD11
Low-frequency	1	PDCD4
Low-frequency	1	PDE1C
Low-frequency	1	PDE3A
Low-frequency	1	PDE4DIP
Low-frequency	1	PDK2
Low-frequency	1	PDLIM1
Low-frequency	1	PDLIM3
Low-frequency	1	PDLIM5
Low-frequency	1	PDLIM7
Low-frequency	1	PDPK1
Low-frequency	1	PDRG1
Low-frequency	1	PDS5B
Low-frequency	1	PDXDC2P-NPIPB14P
Low-frequency	1	PDZD4
Low-frequency	1	PEAR1
Low-frequency	1	PEMT
Low-frequency	1	PEX14
Low-frequency	1	PFDN5
Low-frequency	1	PFKFB2
Low-frequency	1	PFKFB4
Low-frequency	1	PGAP1
Low-frequency	1	PGAP2
Low-frequency	1	PGBD1
Low-frequency	1	PGM2
Low-frequency	1	PGM5P2
Low-frequency	1	PHAF1
Low-frequency	1	PHF14
Low-frequency	1	PHF19
Low-frequency	1	PHF3
Low-frequency	1	PHKG2
Low-frequency	1	PHLPP1
Low-frequency	1	PHYH
Low-frequency	1	PI4K2A
Low-frequency	1	PIAS2
Low-frequency	1	PIGG
Low-frequency	1	PIGP
Low-frequency	1	PIGQ
Low-frequency	1	PIGR
Low-frequency	1	PIGU
Low-frequency	1	PIGX
Low-frequency	1	PIK3AP1
Low-frequency	1	PIK3C2A
Low-frequency	1	PIK3C2G
Low-frequency	1	PIK3CA
Low-frequency	1	PIK3CB
Low-frequency	1	PIK3CD
Low-frequency	1	PIK3CG
Low-frequency	1	PIK3R1
Low-frequency	1	PIK3R4
Low-frequency	1	PIN1
Low-frequency	1	PINK1
Low-frequency	1	PIP4P1
Low-frequency	1	PIP4P2
Low-frequency	1	PIR
Low-frequency	1	PITPNC1
Low-frequency	1	PITPNM3
Low-frequency	1	PITRM1
Low-frequency	1	PKP4
Low-frequency	1	PLA1A
Low-frequency	1	PLA2G4B
Low-frequency	1	PLAA
Low-frequency	1	PLAAT4
Low-frequency	1	PLCD3
Low-frequency	1	PLCE1
Low-frequency	1	PLCG2
Low-frequency	1	PLCXD1
Low-frequency	1	PLD1
Low-frequency	1	PLEC
Low-frequency	1	PLEKHA3
Low-frequency	1	PLEKHA4
Low-frequency	1	PLEKHA5
Low-frequency	1	PLEKHG3
Low-frequency	1	PLEKHG6
Low-frequency	1	PLOD1
Low-frequency	1	PLPP4
Low-frequency	1	PLS1
Low-frequency	1	PLSCR3
Low-frequency	1	PLSCR5
Low-frequency	1	PLXNB2
Low-frequency	1	PLXNB3
Low-frequency	1	PMM1
Low-frequency	1	PNKP
Low-frequency	1	PNPLA6
Low-frequency	1	PNPLA7
Low-frequency	1	PNPLA8
Low-frequency	1	POC1B
Low-frequency	1	POF1B
Low-frequency	1	POFUT2
Low-frequency	1	POGZ
Low-frequency	1	POLA1
Low-frequency	1	POLB
Low-frequency	1	POLDIP2
Low-frequency	1	POLE2
Low-frequency	1	POLG2
Low-frequency	1	POLH
Low-frequency	1	POLK
Low-frequency	1	POLQ
Low-frequency	1	POLR1E
Low-frequency	1	POLR1F
Low-frequency	1	POLR2B
Low-frequency	1	POLR2J
Low-frequency	1	POLR2J4
Low-frequency	1	POLR3E
Low-frequency	1	POM121
Low-frequency	1	POMP
Low-frequency	1	POMT2
Low-frequency	1	POU2F1
Low-frequency	1	POU2F2
Low-frequency	1	PPA1
Low-frequency	1	PPARG
Low-frequency	1	PPIG
Low-frequency	1	PPIL3
Low-frequency	1	PPIP5K2
Low-frequency	1	PPM1D
Low-frequency	1	PPP1R14C
Low-frequency	1	PPP1R9B
Low-frequency	1	PPP2R1A
Low-frequency	1	PPP2R5B
Low-frequency	1	PPP2R5E
Low-frequency	1	PPP4R4
Low-frequency	1	PPP5C
Low-frequency	1	PPTC7
Low-frequency	1	PQBP1
Low-frequency	1	PRAG1
Low-frequency	1	PRC1
Low-frequency	1	PRDM15
Low-frequency	1	PRDX2
Low-frequency	1	PRDX4
Low-frequency	1	PRELID3B
Low-frequency	1	PREP
Low-frequency	1	PRH1
Low-frequency	1	PRIM1
Low-frequency	1	PRIMA1
Low-frequency	1	PRKAA1
Low-frequency	1	PRKAG3
Low-frequency	1	PRKAR1B
Low-frequency	1	PRKCA
Low-frequency	1	PRKCD
Low-frequency	1	PRKD1
Low-frequency	1	PRKRA
Low-frequency	1	PRKRIP1
Low-frequency	1	PRMT5
Low-frequency	1	PRMT7
Low-frequency	1	PROM2
Low-frequency	1	PRPF18
Low-frequency	1	PRPF39
Low-frequency	1	PRPF4
Low-frequency	1	PRPF40A
Low-frequency	1	PRPF6
Low-frequency	1	PRPSAP2
Low-frequency	1	PRR14
Low-frequency	1	PRRG4
Low-frequency	1	PRSS12
Low-frequency	1	PRUNE2
Low-frequency	1	PRXL2C
Low-frequency	1	PSD
Low-frequency	1	PSD4
Low-frequency	1	PSIP1
Low-frequency	1	PSMB2
Low-frequency	1	PSMB9
Low-frequency	1	PSMC6
Low-frequency	1	PSMD13
Low-frequency	1	PSMD14
Low-frequency	1	PSMD3
Low-frequency	1	PSMD4
Low-frequency	1	PSMD7
Low-frequency	1	PSMD8
Low-frequency	1	PSMG4
Low-frequency	1	PTCD2
Low-frequency	1	PTCH1
Low-frequency	1	PTGES2
Low-frequency	1	PTH
Low-frequency	1	PTH1R
Low-frequency	1	PTK2B
Low-frequency	1	PTPN12
Low-frequency	1	PTPN7
Low-frequency	1	PTPRB
Low-frequency	1	PTPRD
Low-frequency	1	PTPRF
Low-frequency	1	PTPRJ
Low-frequency	1	PTPRK
Low-frequency	1	PTPRM
Low-frequency	1	PTPRN
Low-frequency	1	PTRH2
Low-frequency	1	PTTG1
Low-frequency	1	PUF60
Low-frequency	1	PUM1
Low-frequency	1	PUM3
Low-frequency	1	PWP2
Low-frequency	1	PXDN
Low-frequency	1	PXYLP1
Low-frequency	1	PYCR1
Low-frequency	1	PYGB
Low-frequency	1	PYGO2
Low-frequency	1	QDPR
Low-frequency	1	QKI
Low-frequency	1	QRSL1
Low-frequency	1	RAB1A
Low-frequency	1	RAB23
Low-frequency	1	RAB26
Low-frequency	1	RAB27A
Low-frequency	1	RAB37
Low-frequency	1	RAB3GAP1
Low-frequency	1	RAB3IP
Low-frequency	1	RAB6B
Low-frequency	1	RAB8B
Low-frequency	1	RABEPK
Low-frequency	1	RABGGTA
Low-frequency	1	RABL6
Low-frequency	1	RAC2
Low-frequency	1	RACK1
Low-frequency	1	RAD54L2
Low-frequency	1	RAF1
Low-frequency	1	RALGAPA1
Low-frequency	1	RALGAPB
Low-frequency	1	RANBP10
Low-frequency	1	RANBP3
Low-frequency	1	RAP1GDS1
Low-frequency	1	RAPGEF2
Low-frequency	1	RAPGEF3
Low-frequency	1	RAPGEF4
Low-frequency	1	RARB
Low-frequency	1	RARS2
Low-frequency	1	RASA2
Low-frequency	1	RASGRF1
Low-frequency	1	RASGRP2
Low-frequency	1	RBBP6
Low-frequency	1	RBBP8
Low-frequency	1	RBCK1
Low-frequency	1	RBFA
Low-frequency	1	RBM23
Low-frequency	1	RBM3
Low-frequency	1	RBM33
Low-frequency	1	RBM42
Low-frequency	1	RBM5
Low-frequency	1	RBM7
Low-frequency	1	RBPJL
Low-frequency	1	RC3H1
Low-frequency	1	RCAN3
Low-frequency	1	RCAN3AS
Low-frequency	1	RCOR3
Low-frequency	1	RCSD1
Low-frequency	1	RDH13
Low-frequency	1	RECQL4
Low-frequency	1	RECQL5
Low-frequency	1	RELL2
Low-frequency	1	RERE
Low-frequency	1	RETREG1
Low-frequency	1	RETREG2
Low-frequency	1	REV3L
Low-frequency	1	RFC4
Low-frequency	1	RFC5
Low-frequency	1	RFFL
Low-frequency	1	RFTN1
Low-frequency	1	RFTN2
Low-frequency	1	RGS12
Low-frequency	1	RGS14
Low-frequency	1	RGS2
Low-frequency	1	RGS3
Low-frequency	1	RGS5
Low-frequency	1	RHD
Low-frequency	1	RHOBTB1
Low-frequency	1	RHOBTB2
Low-frequency	1	RHOT2
Low-frequency	1	RHOXF1
Low-frequency	1	RIMOC1
Low-frequency	1	RIN3
Low-frequency	1	RINL
Low-frequency	1	RINT1
Low-frequency	1	RIOX2
Low-frequency	1	RIPK1
Low-frequency	1	RIPPLY1
Low-frequency	1	RITA1
Low-frequency	1	RMC1
Low-frequency	1	RMDN2
Low-frequency	1	RMND1
Low-frequency	1	RNASET2
Low-frequency	1	RND1
Low-frequency	1	RND2
Low-frequency	1	RNF10
Low-frequency	1	RNF114
Low-frequency	1	RNF123
Low-frequency	1	RNF138
Low-frequency	1	RNF14
Low-frequency	1	RNF149
Low-frequency	1	RNF19B
Low-frequency	1	RNF20
Low-frequency	1	RNF215
Low-frequency	1	RNF216
Low-frequency	1	RNF43
Low-frequency	1	RNF6
Low-frequency	1	RNFT2
Low-frequency	1	RNMT
Low-frequency	1	RNPEP
Low-frequency	1	ROGDI
Low-frequency	1	RORA
Low-frequency	1	RP9
Low-frequency	1	RPA1
Low-frequency	1	RPAP1
Low-frequency	1	RPGRIP1L
Low-frequency	1	RPL13
Low-frequency	1	RPL13A
Low-frequency	1	RPL21
Low-frequency	1	RPL5
Low-frequency	1	RPL6
Low-frequency	1	RPL8
Low-frequency	1	RPN1
Low-frequency	1	RPRD1B
Low-frequency	1	RPS10
Low-frequency	1	RPS10-NUDT3
Low-frequency	1	RPS12
Low-frequency	1	RPS16
Low-frequency	1	RPS25
Low-frequency	1	RPS27A
Low-frequency	1	RPS27L
Low-frequency	1	RPS6KB2
Low-frequency	1	RPS6KL1
Low-frequency	1	RPS9
Low-frequency	1	RPUSD3
Low-frequency	1	RRM2
Low-frequency	1	RRN3
Low-frequency	1	RRP1
Low-frequency	1	RRP1B
Low-frequency	1	RSRC1
Low-frequency	1	RTN4IP1
Low-frequency	1	RTTN
Low-frequency	1	RUFY1
Low-frequency	1	RUNDC1
Low-frequency	1	RUNDC3B
Low-frequency	1	RUSC1
Low-frequency	1	RUVBL2
Low-frequency	1	RWDD4
Low-frequency	1	RXFP2
Low-frequency	1	RXRA
Low-frequency	1	RXYLT1
Low-frequency	1	SAE1
Low-frequency	1	SAFB
Low-frequency	1	SAMD4A
Low-frequency	1	SAMD8
Low-frequency	1	SASH1
Low-frequency	1	SASS6
Low-frequency	1	SBF1
Low-frequency	1	SBNO1
Low-frequency	1	SCAF11
Low-frequency	1	SCAF8
Low-frequency	1	SCAMP3
Low-frequency	1	SCAPER
Low-frequency	1	SCD
Low-frequency	1	SCEL
Low-frequency	1	SCG3
Low-frequency	1	SCLY
Low-frequency	1	SCN3B
Low-frequency	1	SCN4A
Low-frequency	1	SCN8A
Low-frequency	1	SCNN1G
Low-frequency	1	SDHAP4
Low-frequency	1	SDK1
Low-frequency	1	SEC14L2
Low-frequency	1	SEC16A
Low-frequency	1	SEC23A
Low-frequency	1	SEC61A2
Low-frequency	1	SEMA3A
Low-frequency	1	SEMA3B
Low-frequency	1	SEMA5B
Low-frequency	1	SEMA6B
Low-frequency	1	SEMA6C
Low-frequency	1	SEMA7A
Low-frequency	1	SENP1
Low-frequency	1	SENP6
Low-frequency	1	SENP7
Low-frequency	1	SEPTIN10
Low-frequency	1	SEPTIN5
Low-frequency	1	SERAC1
Low-frequency	1	SERP1
Low-frequency	1	SERPINA9
Low-frequency	1	SERPINE1
Low-frequency	1	SERPINE2
Low-frequency	1	SERPINI1
Low-frequency	1	SESN2
Low-frequency	1	SETD4
Low-frequency	1	SETDB1
Low-frequency	1	SF1
Low-frequency	1	SF3A1
Low-frequency	1	SF3A2
Low-frequency	1	SF3B1
Low-frequency	1	SFPQ
Low-frequency	1	SFT2D2
Low-frequency	1	SFTPB
Low-frequency	1	SGK1
Low-frequency	1	SGMS1
Low-frequency	1	SGSM1
Low-frequency	1	SGSM2
Low-frequency	1	SGSM3
Low-frequency	1	SH2B1
Low-frequency	1	SH3PXD2B
Low-frequency	1	SHANK2
Low-frequency	1	SHB
Low-frequency	1	SHC1
Low-frequency	1	SHISA5
Low-frequency	1	SHOX
Low-frequency	1	SHROOM3
Low-frequency	1	SI
Low-frequency	1	SIGIRR
Low-frequency	1	SIGLEC9
Low-frequency	1	SIK3
Low-frequency	1	SIL1
Low-frequency	1	SIN3A
Low-frequency	1	SIPA1L3
Low-frequency	1	SIRT1
Low-frequency	1	SIRT7
Low-frequency	1	SLAMF6
Low-frequency	1	SLC11A2
Low-frequency	1	SLC12A2
Low-frequency	1	SLC12A5
Low-frequency	1	SLC12A6
Low-frequency	1	SLC12A8
Low-frequency	1	SLC12A9
Low-frequency	1	SLC14A1
Low-frequency	1	SLC16A3
Low-frequency	1	SLC17A6
Low-frequency	1	SLC17A7
Low-frequency	1	SLC17A8
Low-frequency	1	SLC20A1
Low-frequency	1	SLC22A18
Low-frequency	1	SLC22A23
Low-frequency	1	SLC22A3
Low-frequency	1	SLC25A26
Low-frequency	1	SLC25A32
Low-frequency	1	SLC25A33
Low-frequency	1	SLC25A40
Low-frequency	1	SLC25A46
Low-frequency	1	SLC25A6
Low-frequency	1	SLC26A10P
Low-frequency	1	SLC26A3
Low-frequency	1	SLC26A6
Low-frequency	1	SLC27A2
Low-frequency	1	SLC27A4
Low-frequency	1	SLC29A2
Low-frequency	1	SLC29A3
Low-frequency	1	SLC2A4RG
Low-frequency	1	SLC2A9
Low-frequency	1	SLC34A2
Low-frequency	1	SLC34A3
Low-frequency	1	SLC35C2
Low-frequency	1	SLC38A11
Low-frequency	1	SLC39A13
Low-frequency	1	SLC39A4
Low-frequency	1	SLC41A1
Low-frequency	1	SLC43A1
Low-frequency	1	SLC44A2
Low-frequency	1	SLC44A4
Low-frequency	1	SLC49A4
Low-frequency	1	SLC4A10
Low-frequency	1	SLC4A2
Low-frequency	1	SLC4A7
Low-frequency	1	SLC5A6
Low-frequency	1	SLC6A1
Low-frequency	1	SLC6A14
Low-frequency	1	SLC6A16
Low-frequency	1	SLC6A17
Low-frequency	1	SLC6A3
Low-frequency	1	SLC6A8
Low-frequency	1	SLC7A7
Low-frequency	1	SLC8A1
Low-frequency	1	SLC8A3
Low-frequency	1	SLC9A6
Low-frequency	1	SLC9A8
Low-frequency	1	SLC9A9
Low-frequency	1	SLCO1B3
Low-frequency	1	SLCO1B3-SLCO1B7
Low-frequency	1	SLFN12
Low-frequency	1	SLIRP
Low-frequency	1	SLIT2
Low-frequency	1	SMAD3
Low-frequency	1	SMAD4
Low-frequency	1	SMAD5
Low-frequency	1	SMARCE1
Low-frequency	1	SMC1A
Low-frequency	1	SMC6
Low-frequency	1	SMG1
Low-frequency	1	SMG5
Low-frequency	1	SMIM19
Low-frequency	1	SMOC1
Low-frequency	1	SNAP29
Low-frequency	1	SNAPC2
Low-frequency	1	SNAPC4
Low-frequency	1	SNCB
Low-frequency	1	SNED1
Low-frequency	1	SNF8
Low-frequency	1	SNHG14
Low-frequency	1	SNRPE
Low-frequency	1	SNUPN
Low-frequency	1	SNX2
Low-frequency	1	SNX3
Low-frequency	1	SNX5
Low-frequency	1	SNX6
Low-frequency	1	SOCS7
Low-frequency	1	SORBS1
Low-frequency	1	SORD
Low-frequency	1	SOS1
Low-frequency	1	SOX13
Low-frequency	1	SOX6
Low-frequency	1	SPACA7
Low-frequency	1	SPATA16
Low-frequency	1	SPATA17
Low-frequency	1	SPATS2L
Low-frequency	1	SPECC1
Low-frequency	1	SPEF2
Low-frequency	1	SPEG
Low-frequency	1	SPHK2
Low-frequency	1	SPIN1
Low-frequency	1	SPIRE2
Low-frequency	1	SPNS3
Low-frequency	1	SPON1
Low-frequency	1	SPOUT1
Low-frequency	1	SPP2
Low-frequency	1	SPRTN
Low-frequency	1	SPTBN2
Low-frequency	1	SPTBN5
Low-frequency	1	SQLE
Low-frequency	1	SQOR
Low-frequency	1	SRA1
Low-frequency	1	SRCIN1
Low-frequency	1	SREBF2
Low-frequency	1	SREK1IP1
Low-frequency	1	SRFBP1
Low-frequency	1	SRPK2
Low-frequency	1	SRRM2
Low-frequency	1	SRRT
Low-frequency	1	SRSF1
Low-frequency	1	SSBP3
Low-frequency	1	SSC4D
Low-frequency	1	SSH1
Low-frequency	1	SSH3
Low-frequency	1	SSX5
Low-frequency	1	ST13
Low-frequency	1	ST3GAL1
Low-frequency	1	ST3GAL6
Low-frequency	1	STARD10
Low-frequency	1	STARD3
Low-frequency	1	STARD4
Low-frequency	1	STARD7
Low-frequency	1	STARD9
Low-frequency	1	STEAP2
Low-frequency	1	STIM2
Low-frequency	1	STIMATE
Low-frequency	1	STIMATE-MUSTN1
Low-frequency	1	STIP1
Low-frequency	1	STK39
Low-frequency	1	STK4
Low-frequency	1	STMN1
Low-frequency	1	STRADA
Low-frequency	1	STX8
Low-frequency	1	STXBP3
Low-frequency	1	STXBP5
Low-frequency	1	SUCLG2
Low-frequency	1	SUDS3
Low-frequency	1	SUGP1
Low-frequency	1	SUGT1
Low-frequency	1	SULF1
Low-frequency	1	SUMF2
Low-frequency	1	SUMO2
Low-frequency	1	SUPT3H
Low-frequency	1	SUZ12
Low-frequency	1	SV2A
Low-frequency	1	SV2B
Low-frequency	1	SVBP
Low-frequency	1	SVEP1
Low-frequency	1	SVIL
Low-frequency	1	SWI5
Low-frequency	1	SWT1
Low-frequency	1	SYCE1
Low-frequency	1	SYNE4
Low-frequency	1	SYNJ1
Low-frequency	1	SYNM
Low-frequency	1	SYNRG
Low-frequency	1	SYTL3
Low-frequency	1	SYVN1
Low-frequency	1	TACC1
Low-frequency	1	TACC2
Low-frequency	1	TADA1
Low-frequency	1	TAF15
Low-frequency	1	TAF5
Low-frequency	1	TALAM1
Low-frequency	1	TANC2
Low-frequency	1	TAP2
Low-frequency	1	TARS1
Low-frequency	1	TASOR2
Low-frequency	1	TBC1D1
Low-frequency	1	TBC1D12
Low-frequency	1	TBC1D15
Low-frequency	1	TBC1D22B
Low-frequency	1	TBC1D23
Low-frequency	1	TBC1D25
Low-frequency	1	TBC1D30
Low-frequency	1	TBC1D31
Low-frequency	1	TBC1D4
Low-frequency	1	TBC1D7
Low-frequency	1	TBCB
Low-frequency	1	TBCK
Low-frequency	1	TBK1
Low-frequency	1	TBPL1
Low-frequency	1	TBX1
Low-frequency	1	TBX4
Low-frequency	1	TCAIM
Low-frequency	1	TCERG1L
Low-frequency	1	TCF4
Low-frequency	1	TCF7L2
Low-frequency	1	TCIRG1
Low-frequency	1	TCP11L2
Low-frequency	1	TCTN1
Low-frequency	1	TCTN3
Low-frequency	1	TDP1
Low-frequency	1	TEAD1
Low-frequency	1	TEAD3
Low-frequency	1	TEAD4
Low-frequency	1	TECR
Low-frequency	1	TEDC2
Low-frequency	1	TEN1-CDK3
Low-frequency	1	TENM1
Low-frequency	1	TERF1
Low-frequency	1	TESK1
Low-frequency	1	TET3
Low-frequency	1	TEX14
Low-frequency	1	TEX56P
Low-frequency	1	TEX9
Low-frequency	1	TFAP2C
Low-frequency	1	TFDP1
Low-frequency	1	TFEC
Low-frequency	1	TFPT
Low-frequency	1	TFR2
Low-frequency	1	TGFBI
Low-frequency	1	TGFBR3
Low-frequency	1	TGM2
Low-frequency	1	TGS1
Low-frequency	1	THBS1
Low-frequency	1	THBS3
Low-frequency	1	THG1L
Low-frequency	1	THOC5
Low-frequency	1	THPO
Low-frequency	1	THRA
Low-frequency	1	THRAP3
Low-frequency	1	TICRR
Low-frequency	1	TIGAR
Low-frequency	1	TIMM22
Low-frequency	1	TIMM23B-AGAP6
Low-frequency	1	TIMMDC1
Low-frequency	1	TINAG
Low-frequency	1	TINF2
Low-frequency	1	TJP1
Low-frequency	1	TJP2
Low-frequency	1	TJP3
Low-frequency	1	TLE6
Low-frequency	1	TLK1
Low-frequency	1	TLK2
Low-frequency	1	TM2D3
Low-frequency	1	TM9SF2
Low-frequency	1	TM9SF3
Low-frequency	1	TMC5
Low-frequency	1	TMC6
Low-frequency	1	TMCO1
Low-frequency	1	TMCO3
Low-frequency	1	TMED1
Low-frequency	1	TMED4
Low-frequency	1	TMEM107
Low-frequency	1	TMEM120A
Low-frequency	1	TMEM126B
Low-frequency	1	TMEM132A
Low-frequency	1	TMEM135
Low-frequency	1	TMEM150A
Low-frequency	1	TMEM150C
Low-frequency	1	TMEM154
Low-frequency	1	TMEM161B
Low-frequency	1	TMEM164
Low-frequency	1	TMEM167B
Low-frequency	1	TMEM175
Low-frequency	1	TMEM181
Low-frequency	1	TMEM214
Low-frequency	1	TMEM218
Low-frequency	1	TMEM256-PLSCR3
Low-frequency	1	TMEM260
Low-frequency	1	TMEM263
Low-frequency	1	TMEM269
Low-frequency	1	TMEM33
Low-frequency	1	TMEM40
Low-frequency	1	TMEM43
Low-frequency	1	TMEM45A
Low-frequency	1	TMEM63A
Low-frequency	1	TMEM65
Low-frequency	1	TMEM8B
Low-frequency	1	TMEM9
Low-frequency	1	TMOD4
Low-frequency	1	TMPO
Low-frequency	1	TMPRSS4
Low-frequency	1	TMSB4X
Low-frequency	1	TMTC3
Low-frequency	1	TMTC4
Low-frequency	1	TMX3
Low-frequency	1	TNC
Low-frequency	1	TNFAIP2
Low-frequency	1	TNFRSF10B
Low-frequency	1	TNFRSF11A
Low-frequency	1	TNFRSF1B
Low-frequency	1	TNFRSF25
Low-frequency	1	TNFRSF9
Low-frequency	1	TNFSF12-TNFSF13
Low-frequency	1	TNFSF13
Low-frequency	1	TNKS
Low-frequency	1	TNRC18
Low-frequency	1	TNRC6B
Low-frequency	1	TNS2
Low-frequency	1	TNXB
Low-frequency	1	TOMM20
Low-frequency	1	TOMM7
Low-frequency	1	TOMM70
Low-frequency	1	TOP1
Low-frequency	1	TOR2A
Low-frequency	1	TP53BP2
Low-frequency	1	TPH2
Low-frequency	1	TPO
Low-frequency	1	TPP2
Low-frequency	1	TPTEP2-CSNK1E
Low-frequency	1	TRAF2
Low-frequency	1	TRAFD1
Low-frequency	1	TRAK1
Low-frequency	1	TRAK2
Low-frequency	1	TRAM1
Low-frequency	1	TRAPPC2
Low-frequency	1	TRDN
Low-frequency	1	TREH
Low-frequency	1	TRIM14
Low-frequency	1	TRIM17
Low-frequency	1	TRIM21
Low-frequency	1	TRIM24
Low-frequency	1	TRIM25
Low-frequency	1	TRIM28
Low-frequency	1	TRIM29
Low-frequency	1	TRIM34
Low-frequency	1	TRIM6-TRIM34
Low-frequency	1	TRIP13
Low-frequency	1	TRIT1
Low-frequency	1	TRMT6
Low-frequency	1	TRNAU1AP
Low-frequency	1	TRPC1
Low-frequency	1	TRPC6
Low-frequency	1	TRPM7
Low-frequency	1	TRUB1
Low-frequency	1	TRUB2
Low-frequency	1	TSEN15
Low-frequency	1	TSEN34
Low-frequency	1	TSEN54
Low-frequency	1	TSN
Low-frequency	1	TSNAXIP1
Low-frequency	1	TSPAN13
Low-frequency	1	TSPAN31
Low-frequency	1	TSPAN9
Low-frequency	1	TSR2
Low-frequency	1	TTC17
Low-frequency	1	TTC21A
Low-frequency	1	TTC33
Low-frequency	1	TTC39C
Low-frequency	1	TTF1
Low-frequency	1	TTI1
Low-frequency	1	TTLL12
Low-frequency	1	TTLL3
Low-frequency	1	TTLL4
Low-frequency	1	TUBGCP2
Low-frequency	1	TUFM
Low-frequency	1	TULP4
Low-frequency	1	TXNDC11
Low-frequency	1	TXNDC16
Low-frequency	1	TXNL1
Low-frequency	1	TXNL4B
Low-frequency	1	TXNRD2
Low-frequency	1	TXNRD3
Low-frequency	1	TYRO3
Low-frequency	1	TYW1
Low-frequency	1	TYW3
Low-frequency	1	U2SURP
Low-frequency	1	UAP1
Low-frequency	1	UBA6
Low-frequency	1	UBAP2
Low-frequency	1	UBE2B
Low-frequency	1	UBE2C
Low-frequency	1	UBE2D4
Low-frequency	1	UBE2E2
Low-frequency	1	UBE2F-SCLY
Low-frequency	1	UBE2L3
Low-frequency	1	UBE2Q1
Low-frequency	1	UBE3A
Low-frequency	1	UBE4A
Low-frequency	1	UBE4B
Low-frequency	1	UBL5
Low-frequency	1	UBL7
Low-frequency	1	UBLCP1
Low-frequency	1	UBN1
Low-frequency	1	UBXN2A
Low-frequency	1	UCHL5
Low-frequency	1	UCMA
Low-frequency	1	UCP2
Low-frequency	1	UGGT2
Low-frequency	1	UHRF2
Low-frequency	1	UIMC1
Low-frequency	1	ULK1
Low-frequency	1	ULK4
Low-frequency	1	UNK
Low-frequency	1	URB1
Low-frequency	1	URB2
Low-frequency	1	USP10
Low-frequency	1	USP13
Low-frequency	1	USP15
Low-frequency	1	USP19
Low-frequency	1	USP3
Low-frequency	1	USP30
Low-frequency	1	USP32
Low-frequency	1	USP37
Low-frequency	1	USP4
Low-frequency	1	USP45
Low-frequency	1	USP54
Low-frequency	1	USP8
Low-frequency	1	UTP15
Low-frequency	1	UTP25
Low-frequency	1	UTY
Low-frequency	1	UVSSA
Low-frequency	1	VARS2
Low-frequency	1	VCP
Low-frequency	1	VCPKMT
Low-frequency	1	VDAC1
Low-frequency	1	VDAC1P8
Low-frequency	1	VEZF1
Low-frequency	1	VGLL4
Low-frequency	1	VPS28
Low-frequency	1	VPS37C
Low-frequency	1	VPS4B
Low-frequency	1	VPS52
Low-frequency	1	VRK1
Low-frequency	1	VSIG2
Low-frequency	1	VTI1A
Low-frequency	1	VWA3A
Low-frequency	1	VWA5A
Low-frequency	1	VWDE
Low-frequency	1	WASHC2C
Low-frequency	1	WASHC4
Low-frequency	1	WBP11
Low-frequency	1	WDFY4
Low-frequency	1	WDR26
Low-frequency	1	WDR27
Low-frequency	1	WDR3
Low-frequency	1	WDR45B
Low-frequency	1	WDR48
Low-frequency	1	WDR55
Low-frequency	1	WDR62
Low-frequency	1	WDR7
Low-frequency	1	WDR70
Low-frequency	1	WDR74
Low-frequency	1	WDR76
Low-frequency	1	WDR81
Low-frequency	1	WDR91
Low-frequency	1	WEE1
Low-frequency	1	WHRN
Low-frequency	1	WIPI2
Low-frequency	1	WNT7B
Low-frequency	1	WNT9A
Low-frequency	1	WSB1
Low-frequency	1	WTAPP1
Low-frequency	1	WWP1
Low-frequency	1	XIAP
Low-frequency	1	XPNPEP3
Low-frequency	1	XPO4
Low-frequency	1	XPO5
Low-frequency	1	XPR1
Low-frequency	1	XRCC3
Low-frequency	1	XRN2
Low-frequency	1	YAF2
Low-frequency	1	YARS1
Low-frequency	1	YBX2
Low-frequency	1	YES1
Low-frequency	1	YLPM1
Low-frequency	1	YME1L1
Low-frequency	1	YTHDC2
Low-frequency	1	YWHAE
Low-frequency	1	ZBED6
Low-frequency	1	ZBTB2
Low-frequency	1	ZBTB44
Low-frequency	1	ZBTB47
Low-frequency	1	ZBTB48
Low-frequency	1	ZC3H11A
Low-frequency	1	ZC3H13
Low-frequency	1	ZC3H4
Low-frequency	1	ZC3H7B
Low-frequency	1	ZCCHC14
Low-frequency	1	ZCCHC8
Low-frequency	1	ZCWPW1
Low-frequency	1	ZDHHC16
Low-frequency	1	ZDHHC17
Low-frequency	1	ZDHHC18
Low-frequency	1	ZDHHC9
Low-frequency	1	ZEB2
Low-frequency	1	ZER1
Low-frequency	1	ZFAND1
Low-frequency	1	ZFC3H1
Low-frequency	1	ZFP37
Low-frequency	1	ZFP91
Low-frequency	1	ZFP91-CNTF
Low-frequency	1	ZFPM1
Low-frequency	1	ZFYVE16
Low-frequency	1	ZFYVE9
Low-frequency	1	ZMYM4
Low-frequency	1	ZMYND19
Low-frequency	1	ZNF160
Low-frequency	1	ZNF205
Low-frequency	1	ZNF227
Low-frequency	1	ZNF236
Low-frequency	1	ZNF251
Low-frequency	1	ZNF264
Low-frequency	1	ZNF267
Low-frequency	1	ZNF317
Low-frequency	1	ZNF346
Low-frequency	1	ZNF385B
Low-frequency	1	ZNF385C
Low-frequency	1	ZNF410
Low-frequency	1	ZNF510
Low-frequency	1	ZNF511
Low-frequency	1	ZNF511-PRAP1
Low-frequency	1	ZNF512B
Low-frequency	1	ZNF518A
Low-frequency	1	ZNF555
Low-frequency	1	ZNF607
Low-frequency	1	ZNF613
Low-frequency	1	ZNF615
Low-frequency	1	ZNF623
Low-frequency	1	ZNF652
Low-frequency	1	ZNF668
Low-frequency	1	ZNF669
Low-frequency	1	ZNF746
Low-frequency	1	ZNF83
Low-frequency	1	ZNF85
Low-frequency	1	ZNF875
Low-frequency	1	ZNG1B
Low-frequency	1	ZNRF3
Low-frequency	1	ZPBP
Low-frequency	1	ZSWIM4
Low-frequency	1	ZSWIM6
Low-frequency	1	ZW10
Low-frequency	1	ZWINT
Low-frequency	1	ZYG11B
Low-frequency	1	ZZEF1
Low-frequency	2	A2ML1
Low-frequency	2	AADAT
Low-frequency	2	ABCD3
Low-frequency	2	ABHD12
Low-frequency	2	ABHD5
Low-frequency	2	ACAD10
Low-frequency	2	ACAD11
Low-frequency	2	ACADS
Low-frequency	2	ACCSL
Low-frequency	2	ACSF2
Low-frequency	2	ADAM10
Low-frequency	2	ADAMTS13
Low-frequency	2	ADAMTSL2
Low-frequency	2	ADAMTSL4
Low-frequency	2	ADAR
Low-frequency	2	ADK
Low-frequency	2	AGA
Low-frequency	2	AGL
Low-frequency	2	AGTRAP
Low-frequency	2	AHCTF1
Low-frequency	2	AK9
Low-frequency	2	ALAD
Low-frequency	2	ALB
Low-frequency	2	ALG8
Low-frequency	2	ANAPC1
Low-frequency	2	ANKRD36
Low-frequency	2	ANKRD44
Low-frequency	2	ANKZF1
Low-frequency	2	ANO5
Low-frequency	2	AP1G2
Low-frequency	2	AP3D1
Low-frequency	2	AP5Z1
Low-frequency	2	APOC2
Low-frequency	2	APOC4-APOC2
Low-frequency	2	ARFGEF2
Low-frequency	2	ARHGAP10
Low-frequency	2	ARHGEF28
Low-frequency	2	ARID2
Low-frequency	2	ARL6
Low-frequency	2	ARMH3
Low-frequency	2	ARX
Low-frequency	2	ASXL1
Low-frequency	2	ATAD2
Low-frequency	2	ATE1
Low-frequency	2	ATP2A1
Low-frequency	2	ATP5PD
Low-frequency	2	ATP6V0A2
Low-frequency	2	ATP6V1A
Low-frequency	2	ATRN
Low-frequency	2	ATXN2L
Low-frequency	2	AUTS2
Low-frequency	2	B4GALNT4
Low-frequency	2	BAG6
Low-frequency	2	BAZ2B
Low-frequency	2	BBS9
Low-frequency	2	BCAT2
Low-frequency	2	BCKDHA
Low-frequency	2	BDH2
Low-frequency	2	BIVM-ERCC5
Low-frequency	2	BMS1
Low-frequency	2	BPTF
Low-frequency	2	BRCC3
Low-frequency	2	BRD7
Low-frequency	2	BRD8
Low-frequency	2	C22orf39
Low-frequency	2	C2CD2
Low-frequency	2	CACNA1D
Low-frequency	2	CAMKK1
Low-frequency	2	CAPRIN1
Low-frequency	2	CC2D1A
Low-frequency	2	CC2D2A
Low-frequency	2	CCDC39
Low-frequency	2	CD151
Low-frequency	2	CD247
Low-frequency	2	CDAN1
Low-frequency	2	CDC42BPA
Low-frequency	2	CDC42BPB
Low-frequency	2	CDC42BPG
Low-frequency	2	CDKAL1
Low-frequency	2	CDYL
Low-frequency	2	CENPC
Low-frequency	2	CENPO
Low-frequency	2	CEP135
Low-frequency	2	CERS6
Low-frequency	2	CFI
Low-frequency	2	CHKB
Low-frequency	2	CHKB-CPT1B
Low-frequency	2	CHMP4B
Low-frequency	2	CIAO1
Low-frequency	2	CIITA
Low-frequency	2	CKAP5
Low-frequency	2	CLOCK
Low-frequency	2	CLTA
Low-frequency	2	CLTC
Low-frequency	2	CNGB3
Low-frequency	2	CNNM1
Low-frequency	2	CNTRL
Low-frequency	2	COLEC11
Low-frequency	2	COPA
Low-frequency	2	CPSF7
Low-frequency	2	CPXM1
Low-frequency	2	CPZ
Low-frequency	2	CRYZL2P-SEC16B
Low-frequency	2	CSAD
Low-frequency	2	CSDE1
Low-frequency	2	CSTPP1
Low-frequency	2	CTDSPL
Low-frequency	2	CTSD
Low-frequency	2	CTSZ
Low-frequency	2	CUL2
Low-frequency	2	CUL7
Low-frequency	2	CUL9
Low-frequency	2	CYB5R4
Low-frequency	2	CYP11B2
Low-frequency	2	CYP24A1
Low-frequency	2	DARS2
Low-frequency	2	DBT
Low-frequency	2	DCAF11
Low-frequency	2	DCAF6
Low-frequency	2	DCLK1
Low-frequency	2	DDC
Low-frequency	2	DDOST
Low-frequency	2	DDX1
Low-frequency	2	DDX3X
Low-frequency	2	DDX43
Low-frequency	2	DDX6
Low-frequency	2	DEPDC5
Low-frequency	2	DHRS4L1
Low-frequency	2	DHRS4L2
Low-frequency	2	DHX29
Low-frequency	2	DHX34
Low-frequency	2	DIP2C
Low-frequency	2	DNAJC21
Low-frequency	2	DNAJC3
Low-frequency	2	DNM2
Low-frequency	2	DNMT3A
Low-frequency	2	DPF1
Low-frequency	2	DPM1
Low-frequency	2	DPP3
Low-frequency	2	DPP8
Low-frequency	2	DPP9
Low-frequency	2	DTNB
Low-frequency	2	DUS1L
Low-frequency	2	DYNC1H1
Low-frequency	2	DYTN
Low-frequency	2	ECE2
Low-frequency	2	ECHDC2
Low-frequency	2	ECM1
Low-frequency	2	ECT2
Low-frequency	2	EEF1AKMT4-ECE2
Low-frequency	2	EIF2AK2
Low-frequency	2	EIF2B1
Low-frequency	2	EIF3I
Low-frequency	2	ELL2
Low-frequency	2	ELMO3
Low-frequency	2	ELP1
Low-frequency	2	ELP2
Low-frequency	2	EML2
Low-frequency	2	ENAM
Low-frequency	2	ENO1
Low-frequency	2	ENO3
Low-frequency	2	ENOPH1
Low-frequency	2	EPC2
Low-frequency	2	EPHA2
Low-frequency	2	EPHA4
Low-frequency	2	EPHB3
Low-frequency	2	EPS8L1
Low-frequency	2	ERCC5
Low-frequency	2	ESYT3
Low-frequency	2	ETFB
Low-frequency	2	EXOC4
Low-frequency	2	EXOC6
Low-frequency	2	EXOSC8
Low-frequency	2	F2
Low-frequency	2	F7
Low-frequency	2	FAH
Low-frequency	2	FAM177A1
Low-frequency	2	FBP2
Low-frequency	2	FBXL6
Low-frequency	2	FBXO11
Low-frequency	2	FBXO32
Low-frequency	2	FBXO8
Low-frequency	2	FBXW7
Low-frequency	2	FCHO1
Low-frequency	2	FECH
Low-frequency	2	FGD4
Low-frequency	2	FGFR3
Low-frequency	2	FIG4
Low-frequency	2	FKBP4
Low-frequency	2	FLNB
Low-frequency	2	FLT4
Low-frequency	2	FMR1
Low-frequency	2	FOXK1
Low-frequency	2	FRYL
Low-frequency	2	FTCD
Low-frequency	2	FUZ
Low-frequency	2	G2E3
Low-frequency	2	GAK
Low-frequency	2	GALK2
Low-frequency	2	GAMT
Low-frequency	2	GAPVD1
Low-frequency	2	GATA4
Low-frequency	2	GBA1
Low-frequency	2	GDI1
Low-frequency	2	GDPD2
Low-frequency	2	GEMIN2
Low-frequency	2	GET4
Low-frequency	2	GFM2
Low-frequency	2	GFPT1
Low-frequency	2	GGT1
Low-frequency	2	GHR
Low-frequency	2	GLMN
Low-frequency	2	GLRX3
Low-frequency	2	GLS2
Low-frequency	2	GMPR2
Low-frequency	2	GNB3
Low-frequency	2	GNE
Low-frequency	2	GNPTG
Low-frequency	2	GOLGA4
Low-frequency	2	GPR108
Low-frequency	2	GPR78
Low-frequency	2	GRAMD2B
Low-frequency	2	GRAMD4
Low-frequency	2	GSK3B
Low-frequency	2	GTF2IRD1
Low-frequency	2	GUSB
Low-frequency	2	HACE1
Low-frequency	2	HADH
Low-frequency	2	HAT1
Low-frequency	2	HCLS1
Low-frequency	2	HDAC1
Low-frequency	2	HDAC3
Low-frequency	2	HECTD4
Low-frequency	2	HERC3
Low-frequency	2	HGS
Low-frequency	2	HIP1R
Low-frequency	2	HIRA
Low-frequency	2	HLA-A
Low-frequency	2	HLA-B
Low-frequency	2	HLA-C
Low-frequency	2	HLA-G
Low-frequency	2	HLTF
Low-frequency	2	HNRNPK
Low-frequency	2	HNRNPUL2
Low-frequency	2	HPD
Low-frequency	2	HSF4
Low-frequency	2	HSPB8
Low-frequency	2	ICE1
Low-frequency	2	IDH2
Low-frequency	2	IDUA
Low-frequency	2	IFT122
Low-frequency	2	IGF2R
Low-frequency	2	IL12RB1
Low-frequency	2	IL17RB
Low-frequency	2	IL20
Low-frequency	2	ILF2
Low-frequency	2	ILF3
Low-frequency	2	IMPDH1
Low-frequency	2	INPP4B
Low-frequency	2	INTS8
Low-frequency	2	IPO11
Low-frequency	2	IPO8
Low-frequency	2	IQUB
Low-frequency	2	ITIH4
Low-frequency	2	ITSN1
Low-frequency	2	JAK2
Low-frequency	2	JAK3
Low-frequency	2	KAT5
Low-frequency	2	KCTD13
Low-frequency	2	KDM4A
Low-frequency	2	KIAA1191
Low-frequency	2	KIF14
Low-frequency	2	KIF26B
Low-frequency	2	KIF2C
Low-frequency	2	KIF7
Low-frequency	2	KIZ
Low-frequency	2	KPNA6
Low-frequency	2	KRT18
Low-frequency	2	KRT3
Low-frequency	2	KRT7
Low-frequency	2	L3MBTL2
Low-frequency	2	LAMB2
Low-frequency	2	LARP1
Low-frequency	2	LEPR
Low-frequency	2	LGALS8
Low-frequency	2	LIMK2
Low-frequency	2	LIN37
Low-frequency	2	LMAN2
Low-frequency	2	LMBR1L
Low-frequency	2	LMNA
Low-frequency	2	LRCH3
Low-frequency	2	LRP2
Low-frequency	2	LRP5
Low-frequency	2	LRRC37B
Low-frequency	2	LRRC7
Low-frequency	2	LRRIQ1
Low-frequency	2	LRRK2
Low-frequency	2	MAGED2
Low-frequency	2	MAGI2
Low-frequency	2	MAMLD1
Low-frequency	2	MAP3K1
Low-frequency	2	MAP4K2
Low-frequency	2	MAP4K3
Low-frequency	2	MAPK8IP1
Low-frequency	2	MAPKAPK2
Low-frequency	2	MAPKBP1
Low-frequency	2	MAT2B
Low-frequency	2	MCAM
Low-frequency	2	MCM10
Low-frequency	2	MCTP2
Low-frequency	2	MED23
Low-frequency	2	MEGF10
Low-frequency	2	MELTF
Low-frequency	2	METAP1
Low-frequency	2	METTL14
Low-frequency	2	METTL8
Low-frequency	2	MFSD4B
Low-frequency	2	MGST3
Low-frequency	2	MIIP
Low-frequency	2	MIP
Low-frequency	2	MIS18BP1
Low-frequency	2	MKNK2
Low-frequency	2	MKRN2OS
Low-frequency	2	MME
Low-frequency	2	MMUT
Low-frequency	2	MOV10
Low-frequency	2	MPL
Low-frequency	2	MPZ
Low-frequency	2	MRPL37
Low-frequency	2	MSH5
Low-frequency	2	MSH5-SAPCD1
Low-frequency	2	MSH6
Low-frequency	2	MSR1
Low-frequency	2	MTCP1
Low-frequency	2	MTF2
Low-frequency	2	MTHFD1L
Low-frequency	2	MUS81
Low-frequency	2	MYBPC1
Low-frequency	2	MYCBP2
Low-frequency	2	MYO1B
Low-frequency	2	MYOF
Low-frequency	2	NAGK
Low-frequency	2	NCAPD2
Low-frequency	2	NCOR1
Low-frequency	2	NDUFA4
Low-frequency	2	NDUFAF2
Low-frequency	2	NECAB3
Low-frequency	2	NEK9
Low-frequency	2	NELFCD
Low-frequency	2	NELFE
Low-frequency	2	NEO1
Low-frequency	2	NFKB2
Low-frequency	2	NFRKB
Low-frequency	2	NFYB
Low-frequency	2	NIPAL3
Low-frequency	2	NIT2
Low-frequency	2	NLRP7
Low-frequency	2	NOB1
Low-frequency	2	NOL8
Low-frequency	2	NOMO1
Low-frequency	2	NPAS2
Low-frequency	2	NPHP1
Low-frequency	2	NPR2
Low-frequency	2	NSD1
Low-frequency	2	NSMF
Low-frequency	2	NSUN2
Low-frequency	2	NUDT21
Low-frequency	2	NUP133
Low-frequency	2	NUP155
Low-frequency	2	NUP205
Low-frequency	2	NUP210
Low-frequency	2	NUP50
Low-frequency	2	NUP98
Low-frequency	2	NVL
Low-frequency	2	OBSCN
Low-frequency	2	ODF2
Low-frequency	2	ORC4
Low-frequency	2	P3H2
Low-frequency	2	PABPC1L
Low-frequency	2	PACRGL
Low-frequency	2	PAFAH1B1
Low-frequency	2	PALLD
Low-frequency	2	PAX4
Low-frequency	2	PBXIP1
Low-frequency	2	PCAT7
Low-frequency	2	PCDH15
Low-frequency	2	PCID2
Low-frequency	2	PCNX2
Low-frequency	2	PDCD2L
Low-frequency	2	PDHB
Low-frequency	2	PDXK
Low-frequency	2	PGM3
Low-frequency	2	PHF2
Low-frequency	2	PHF20
Low-frequency	2	PHGDH
Low-frequency	2	PHIP
Low-frequency	2	PI4KA
Low-frequency	2	PIAS1
Low-frequency	2	PIEZO1
Low-frequency	2	PIGN
Low-frequency	2	PIM2
Low-frequency	2	PITPNM1
Low-frequency	2	PKP2
Low-frequency	2	PLCB3
Low-frequency	2	PLCB4
Low-frequency	2	PLEKHA6
Low-frequency	2	PLEKHM2
Low-frequency	2	PLOD3
Low-frequency	2	PLXND1
Low-frequency	2	PNISR
Low-frequency	2	PNO1
Low-frequency	2	POLD1
Low-frequency	2	POLR1C
Low-frequency	2	POLR2A
Low-frequency	2	POLR2L
Low-frequency	2	POLRMT
Low-frequency	2	POMT1
Low-frequency	2	PON1
Low-frequency	2	PON2
Low-frequency	2	POT1
Low-frequency	2	PPFIBP1
Low-frequency	2	PPHLN1
Low-frequency	2	PPP1R36
Low-frequency	2	PPP2R3C
Low-frequency	2	PPP4R3A
Low-frequency	2	PPP6R1
Low-frequency	2	PRDM10
Low-frequency	2	PRMT2
Low-frequency	2	PTCD3
Low-frequency	2	PTPN22
Low-frequency	2	PTPN4
Low-frequency	2	PTPRA
Low-frequency	2	PTPRS
Low-frequency	2	PTPRU
Low-frequency	2	PUS7
Low-frequency	2	QPCTL
Low-frequency	2	RAB18
Low-frequency	2	RAB2A
Low-frequency	2	RAB2B
Low-frequency	2	RAB3GAP2
Low-frequency	2	RAD52
Low-frequency	2	RALBP1
Low-frequency	2	RAP1GAP
Low-frequency	2	RASEF
Low-frequency	2	RB1CC1
Low-frequency	2	RBM10
Low-frequency	2	RBM25
Low-frequency	2	RBM27
Low-frequency	2	REC8
Low-frequency	2	REV1
Low-frequency	2	RFX6
Low-frequency	2	RFX7
Low-frequency	2	RFXANK
Low-frequency	2	RGS6
Low-frequency	2	RHOT1
Low-frequency	2	RNASEH2A
Low-frequency	2	RNF111
Low-frequency	2	RNF144A
Low-frequency	2	RNF150
Low-frequency	2	ROCK2
Low-frequency	2	RPAP3
Low-frequency	2	RPGR
Low-frequency	2	RPGRIP1
Low-frequency	2	RSRP1
Low-frequency	2	RTCB
Low-frequency	2	RTEL1
Low-frequency	2	RTEL1-TNFRSF6B
Low-frequency	2	RUFY3
Low-frequency	2	RUVBL1
Low-frequency	2	SACS
Low-frequency	2	SAFB2
Low-frequency	2	SAR1B
Low-frequency	2	SART3
Low-frequency	2	SCIN
Low-frequency	2	SCN11A
Low-frequency	2	SCN9A
Low-frequency	2	SCRIB
Low-frequency	2	SDCBP
Low-frequency	2	SEC16B
Low-frequency	2	SEC24C
Low-frequency	2	SECISBP2
Low-frequency	2	SECISBP2L
Low-frequency	2	SELENON
Low-frequency	2	SEMA4B
Low-frequency	2	SEMA5A
Low-frequency	2	SETD2
Low-frequency	2	SETD5
Low-frequency	2	SGCA
Low-frequency	2	SH3GL2
Low-frequency	2	SH3TC2
Low-frequency	2	SHANK3
Low-frequency	2	SIPA1L1
Low-frequency	2	SLAMF1
Low-frequency	2	SLC12A4
Low-frequency	2	SLC1A1
Low-frequency	2	SLC26A7
Low-frequency	2	SLC35D2
Low-frequency	2	SLC35F5
Low-frequency	2	SLC43A2
Low-frequency	2	SLC52A2
Low-frequency	2	SLC5A12
Low-frequency	2	SLC5A5
Low-frequency	2	SLC6A13
Low-frequency	2	SLC9B2
Low-frequency	2	SLU7
Low-frequency	2	SMAP2
Low-frequency	2	SMARCA1
Low-frequency	2	SMARCA2
Low-frequency	2	SMARCB1
Low-frequency	2	SMARCC1
Low-frequency	2	SMARCC2
Low-frequency	2	SMG9
Low-frequency	2	SNCA
Low-frequency	2	SNX14
Low-frequency	2	SNX29
Low-frequency	2	SNX8
Low-frequency	2	SNX9
Low-frequency	2	SP110
Low-frequency	2	SPATA7
Low-frequency	2	SPDL1
Low-frequency	2	SPOCK3
Low-frequency	2	SPRYD4
Low-frequency	2	SRBD1
Low-frequency	2	SRP72
Low-frequency	2	STAT4
Low-frequency	2	STAU2
Low-frequency	2	STK24
Low-frequency	2	STRA6
Low-frequency	2	STT3B
Low-frequency	2	SUCLG1
Low-frequency	2	SUFU
Low-frequency	2	SUPT6H
Low-frequency	2	SYCP2L
Low-frequency	2	SYK
Low-frequency	2	SZT2
Low-frequency	2	TAC3
Low-frequency	2	TAF1C
Low-frequency	2	TAF4
Low-frequency	2	TAF6
Low-frequency	2	TBC1D17
Low-frequency	2	TBC1D8B
Low-frequency	2	TBX3
Low-frequency	2	TEKT5
Low-frequency	2	TENT2
Low-frequency	2	TFB2M
Low-frequency	2	TG
Low-frequency	2	THAP9
Low-frequency	2	THOC1
Low-frequency	2	THSD8
Low-frequency	2	TIA1
Low-frequency	2	TIAL1
Low-frequency	2	TIMM50
Low-frequency	2	TIPARP
Low-frequency	2	TKFC
Low-frequency	2	TKT
Low-frequency	2	TLCD3A
Low-frequency	2	TM4SF19
Low-frequency	2	TMC4
Low-frequency	2	TMEM104
Low-frequency	2	TMEM165
Low-frequency	2	TMEM185A
Low-frequency	2	TMEM255A
Low-frequency	2	TMEM266
Low-frequency	2	TMEM63B
Low-frequency	2	TMEM87A
Low-frequency	2	TMEM94
Low-frequency	2	TMPRSS6
Low-frequency	2	TNFRSF1A
Low-frequency	2	TNPO2
Low-frequency	2	TNPO3
Low-frequency	2	TNS1
Low-frequency	2	TOX
Low-frequency	2	TPI1
Low-frequency	2	TPM2
Low-frequency	2	TPP1
Low-frequency	2	TPR
Low-frequency	2	TRAF7
Low-frequency	2	TRAPPC8
Low-frequency	2	TRIM37
Low-frequency	2	TRIM4
Low-frequency	2	TRMU
Low-frequency	2	TRPC7
Low-frequency	2	TRPV6
Low-frequency	2	TSEN2
Low-frequency	2	TSNARE1
Low-frequency	2	TSPAN7
Low-frequency	2	TSPAN8
Low-frequency	2	TSPOAP1
Low-frequency	2	TTC14
Low-frequency	2	TTC19
Low-frequency	2	TTC8
Low-frequency	2	TTN
Low-frequency	2	TUBG1
Low-frequency	2	TUT4
Low-frequency	2	TXNRD1
Low-frequency	2	U2AF1
Low-frequency	2	UBAC1
Low-frequency	2	UBE2A
Low-frequency	2	UBE2J1
Low-frequency	2	UBQLN4
Low-frequency	2	UBR2
Low-frequency	2	UBR5
Low-frequency	2	UBR7
Low-frequency	2	UROC1
Low-frequency	2	USP20
Low-frequency	2	USP28
Low-frequency	2	USP31
Low-frequency	2	USP40
Low-frequency	2	USP48
Low-frequency	2	USP6NL
Low-frequency	2	USP7
Low-frequency	2	WAPL
Low-frequency	2	WDFY3
Low-frequency	2	WDR11
Low-frequency	2	WDR17
Low-frequency	2	WDR44
Low-frequency	2	WFS1
Low-frequency	2	YIF1A
Low-frequency	2	YIF1B
Low-frequency	2	YJU2B
Low-frequency	2	YY1AP1
Low-frequency	2	ZBBX
Low-frequency	2	ZBTB24
Low-frequency	2	ZC2HC1C
Low-frequency	2	ZMPSTE24
Low-frequency	2	ZNF185
Low-frequency	2	ZNF202
Low-frequency	2	ZNF276
Low-frequency	2	ZNF318
Low-frequency	2	ZNF362
Low-frequency	2	ZNF598
Low-frequency	2	ZNF638
Low-frequency	2	ZNF827
Low-frequency	2	ZPR1
Low-frequency	2	ZRANB2
Low-frequency	3	AARS1
Low-frequency	3	ABCB1
Low-frequency	3	ABCF1
Low-frequency	3	ABHD14A-ACY1
Low-frequency	3	ACLY
Low-frequency	3	ACTA2
Low-frequency	3	ACVR2A
Low-frequency	3	ACY1
Low-frequency	3	ADAMDEC1
Low-frequency	3	AFAP1
Low-frequency	3	AFF3
Low-frequency	3	ALKBH3
Low-frequency	3	AMELX
Low-frequency	3	AP1M2
Low-frequency	3	AP3B1
Low-frequency	3	ARFGEF1
Low-frequency	3	ARHGAP8
Low-frequency	3	ARHGEF18
Low-frequency	3	ARID1A
Low-frequency	3	ARID3B
Low-frequency	3	ARSB
Low-frequency	3	ASAP3
Low-frequency	3	ATF7IP
Low-frequency	3	ATL1
Low-frequency	3	ATP13A2
Low-frequency	3	ATP8B1
Low-frequency	3	ATR
Low-frequency	3	BIRC6
Low-frequency	3	BMAL1
Low-frequency	3	BMAL2
Low-frequency	3	BPI
Low-frequency	3	C2orf42
Low-frequency	3	CA10
Low-frequency	3	CA5A
Low-frequency	3	CACNA1F
Low-frequency	3	CACNA2D1
Low-frequency	3	CACNA2D4
Low-frequency	3	CBL
Low-frequency	3	CDC25B
Low-frequency	3	CDK5
Low-frequency	3	CDKN2A
Low-frequency	3	CEACAM19
Low-frequency	3	CERS5
Low-frequency	3	CFH
Low-frequency	3	CHD4
Low-frequency	3	CHN1
Low-frequency	3	CMTM7
Low-frequency	3	CORO7
Low-frequency	3	CORO7-PAM16
Low-frequency	3	CPEB4
Low-frequency	3	CPSF1
Low-frequency	3	CPT1A
Low-frequency	3	CPT2
Low-frequency	3	CSNK1G1
Low-frequency	3	CTH
Low-frequency	3	CTTN
Low-frequency	3	CUL3
Low-frequency	3	CYP17A1
Low-frequency	3	CYP27B1
Low-frequency	3	DAGLB
Low-frequency	3	DCTN1
Low-frequency	3	DDB1
Low-frequency	3	DGKA
Low-frequency	3	DHX37
Low-frequency	3	DHX9
Low-frequency	3	DIP2A
Low-frequency	3	DNAH5
Low-frequency	3	DNTTIP1
Low-frequency	3	DPF3
Low-frequency	3	DPP4
Low-frequency	3	DRAM1
Low-frequency	3	DRC1
Low-frequency	3	EDAR
Low-frequency	3	EIF2AK4
Low-frequency	3	EIF2B5
Low-frequency	3	EMID1
Low-frequency	3	ENTPD5
Low-frequency	3	EP300
Low-frequency	3	EXT2
Low-frequency	3	F12
Low-frequency	3	FGF8
Low-frequency	3	FGFR2
Low-frequency	3	FMNL2
Low-frequency	3	FNDC3B
Low-frequency	3	FRAS1
Low-frequency	3	FRMD7
Low-frequency	3	GAD2
Low-frequency	3	GALNT2
Low-frequency	3	GALNT8
Low-frequency	3	GOLGA1
Low-frequency	3	GPATCH8
Low-frequency	3	GTF3C5
Low-frequency	3	GUCY2D
Low-frequency	3	HEATR5B
Low-frequency	3	HEXA
Low-frequency	3	HIBADH
Low-frequency	3	HOOK2
Low-frequency	3	HPS3
Low-frequency	3	HPS4
Low-frequency	3	HSPH1
Low-frequency	3	IFT74
Low-frequency	3	INTS1
Low-frequency	3	ITGA9
Low-frequency	3	ITGB2
Low-frequency	3	ITGB3
Low-frequency	3	JMJD1C
Low-frequency	3	KCNQ2
Low-frequency	3	KDM3B
Low-frequency	3	KIF16B
Low-frequency	3	KIF9
Low-frequency	3	KLC4
Low-frequency	3	KNL1
Low-frequency	3	LAMA5
Low-frequency	3	LARP4B
Low-frequency	3	LEMD3
Low-frequency	3	LRBA
Low-frequency	3	LZTR1
Low-frequency	3	MAN1A2
Low-frequency	3	MAOB
Low-frequency	3	MAP3K5
Low-frequency	3	MAST3
Low-frequency	3	MAT1A
Low-frequency	3	MBD1
Low-frequency	3	MCOLN1
Low-frequency	3	MED13
Low-frequency	3	MICAL3
Low-frequency	3	MICU2
Low-frequency	3	MPHOSPH9
Low-frequency	3	MRE11
Low-frequency	3	MYH9
Low-frequency	3	MYO1A
Low-frequency	3	NADSYN1
Low-frequency	3	NBEAL2
Low-frequency	3	NCAPD3
Low-frequency	3	NDUFV1
Low-frequency	3	NDUFV2
Low-frequency	3	NOD2
Low-frequency	3	NPC1
Low-frequency	3	NT5C3A
Low-frequency	3	NUP85
Low-frequency	3	OCRL
Low-frequency	3	OFD1
Low-frequency	3	P2RX7
Low-frequency	3	PAM16
Low-frequency	3	PAN3
Low-frequency	3	PARP4
Low-frequency	3	PCGF1
Low-frequency	3	PCNT
Low-frequency	3	PDSS1
Low-frequency	3	PDXDC1
Low-frequency	3	PEX1
Low-frequency	3	PEX5
Low-frequency	3	PEX7
Low-frequency	3	PHACTR4
Low-frequency	3	PHRF1
Low-frequency	3	PKD1L1
Low-frequency	3	PLCG1
Low-frequency	3	PLCH1
Low-frequency	3	PLG
Low-frequency	3	POLE
Low-frequency	3	PPP2CA
Low-frequency	3	PPP6R3
Low-frequency	3	PRKCG
Low-frequency	3	PRR5-ARHGAP8
Low-frequency	3	PSEN2
Low-frequency	3	PSMC2
Low-frequency	3	PTGS1
Low-frequency	3	PTPN2
Low-frequency	3	RAD51D
Low-frequency	3	RASGEF1A
Low-frequency	3	RBM19
Low-frequency	3	RBPMS2
Low-frequency	3	RFX2
Low-frequency	3	RNF122
Low-frequency	3	RNF157
Low-frequency	3	RNF40
Low-frequency	3	RPS24
Low-frequency	3	RS1
Low-frequency	3	RXRB
Low-frequency	3	SAG
Low-frequency	3	SAMD4B
Low-frequency	3	SAMM50
Low-frequency	3	SCN2A
Low-frequency	3	SDCCAG8
Low-frequency	3	SEC14L4
Low-frequency	3	SGCE
Low-frequency	3	SGCG
Low-frequency	3	SKIC3
Low-frequency	3	SLC26A5
Low-frequency	3	SLC36A1
Low-frequency	3	SLC36A4
Low-frequency	3	SLC47A1
Low-frequency	3	SLC7A9
Low-frequency	3	SLF1
Low-frequency	3	SMARCA4
Low-frequency	3	SMARCAD1
Low-frequency	3	SMC5
Low-frequency	3	SNTG1
Low-frequency	3	SNX1
Low-frequency	3	SORL1
Low-frequency	3	SPATA6L
Low-frequency	3	SPTLC1
Low-frequency	3	SRP68
Low-frequency	3	SRRD
Low-frequency	3	STAMBPL1
Low-frequency	3	STS
Low-frequency	3	STXBP2
Low-frequency	3	SUGCT
Low-frequency	3	SUPT20H
Low-frequency	3	TASP1
Low-frequency	3	TBCD
Low-frequency	3	TCOF1
Low-frequency	3	TGM1
Low-frequency	3	TIAM2
Low-frequency	3	TIMELESS
Low-frequency	3	TM4SF19-DYNLT2B
Low-frequency	3	TM4SF20
Low-frequency	3	TMPRSS3
Low-frequency	3	TNS3
Low-frequency	3	TPTE2P6
Low-frequency	3	TRIO
Low-frequency	3	TRIOBP
Low-frequency	3	TRIR
Low-frequency	3	TSPAN12
Low-frequency	3	TSPAN16
Low-frequency	3	TTC27
Low-frequency	3	TTK
Low-frequency	3	TTLL5
Low-frequency	3	TUBG2
Low-frequency	3	UBR3
Low-frequency	3	UNC13B
Low-frequency	3	UNC45B
Low-frequency	3	USH1C
Low-frequency	3	USH2A
Low-frequency	3	USP11
Low-frequency	3	USP14
Low-frequency	3	VIL1
Low-frequency	3	VPS13B
Low-frequency	3	VPS16
Low-frequency	3	VWA3B
Low-frequency	3	WBP1L
Low-frequency	3	ZFYVE26
Low-frequency	3	ZMYM3
Low-frequency	3	ZMYND8
Low-frequency	3	ZNF430
Low-frequency	3	ZNG1F
Low-frequency	3	ZYX
Low-frequency	4	ABCB11
Low-frequency	4	ACCS
Low-frequency	4	ACRBP
Low-frequency	4	ACSL1
Low-frequency	4	AKNA
Low-frequency	4	ALDH1L1
Low-frequency	4	ALPL
Low-frequency	4	ANKRD52
Low-frequency	4	ARHGAP17
Low-frequency	4	ARHGAP6
Low-frequency	4	ARHGEF33
Low-frequency	4	ASIC2
Low-frequency	4	ATG2A
Low-frequency	4	BBS4
Low-frequency	4	BBS5
Low-frequency	4	C7
Low-frequency	4	CABIN1
Low-frequency	4	CACNA1I
Low-frequency	4	CADPS
Low-frequency	4	CARD11
Low-frequency	4	CASQ2
Low-frequency	4	CASS4
Low-frequency	4	CASTOR3P
Low-frequency	4	CD200
Low-frequency	4	CDKL5
Low-frequency	4	CHD2
Low-frequency	4	CHRND
Low-frequency	4	CHUK
Low-frequency	4	CLUAP1
Low-frequency	4	CNOT1
Low-frequency	4	COL4A1
Low-frequency	4	CYP11B1
Low-frequency	4	CYP27A1
Low-frequency	4	CYP4V2
Low-frequency	4	DCAF1
Low-frequency	4	DCLRE1C
Low-frequency	4	DMP1
Low-frequency	4	DNAI1
Low-frequency	4	DNMT3B
Low-frequency	4	EBF3
Low-frequency	4	EBP
Low-frequency	4	EIF2B3
Low-frequency	4	EMD
Low-frequency	4	EP400
Low-frequency	4	F11
Low-frequency	4	F13A1
Low-frequency	4	FAM131C
Low-frequency	4	FANCD2
Low-frequency	4	FGD1
Low-frequency	4	FHIP1A
Low-frequency	4	FN1
Low-frequency	4	FRG1HP
Low-frequency	4	GAS7
Low-frequency	4	GMPPA
Low-frequency	4	GRK6
Low-frequency	4	GRN
Low-frequency	4	GTF2A1L
Low-frequency	4	GTPBP4
Low-frequency	4	HAUS8
Low-frequency	4	HIPK3
Low-frequency	4	IFNL3
Low-frequency	4	IL2RG
Low-frequency	4	INPPL1
Low-frequency	4	INTS11
Low-frequency	4	INTS7
Low-frequency	4	IPO7
Low-frequency	4	IQCF1
Low-frequency	4	L1CAM
Low-frequency	4	LARS1
Low-frequency	4	LHCGR
Low-frequency	4	LIPA
Low-frequency	4	LIPK
Low-frequency	4	LRPPRC
Low-frequency	4	LUZP2
Low-frequency	4	MARK2
Low-frequency	4	MEFV
Low-frequency	4	MINK1
Low-frequency	4	MKS1
Low-frequency	4	MORC4
Low-frequency	4	MRPL43
Low-frequency	4	MTCH2
Low-frequency	4	MTUS2
Low-frequency	4	MUC16
Low-frequency	4	MYO1E
Low-frequency	4	NASP
Low-frequency	4	NBR1
Low-frequency	4	NCF2
Low-frequency	4	NCKAP1L
Low-frequency	4	NDUFS8
Low-frequency	4	NEMF
Low-frequency	4	NICN1
Low-frequency	4	NOTCH1
Low-frequency	4	NUBP1
Low-frequency	4	OCEL1
Low-frequency	4	PFDN6
Low-frequency	4	PGA5
Low-frequency	4	PKD1
Low-frequency	4	PLEKHH2
Low-frequency	4	PPP6C
Low-frequency	4	PPP6R2
Low-frequency	4	PRDM16
Low-frequency	4	PREX2
Low-frequency	4	PROC
Low-frequency	4	PROM1
Low-frequency	4	RABGAP1L
Low-frequency	4	RALGAPA2
Low-frequency	4	RCC2
Low-frequency	4	RET
Low-frequency	4	RGL1
Low-frequency	4	RGL2
Low-frequency	4	RNF144B
Low-frequency	4	RNF8
Low-frequency	4	SBF2
Low-frequency	4	SCNN1A
Low-frequency	4	SEMA4D
Low-frequency	4	SEMA4G
Low-frequency	4	SERPINB7
Low-frequency	4	SERPING1
Low-frequency	4	SIN3B
Low-frequency	4	SLC25A13
Low-frequency	4	SLC4A1
Low-frequency	4	SMG7
Low-frequency	4	SMYD4
Low-frequency	4	SP100
Low-frequency	4	SPARC
Low-frequency	4	STAB1
Low-frequency	4	STAG1
Low-frequency	4	STAG3
Low-frequency	4	STON1-GTF2A1L
Low-frequency	4	STRIP2
Low-frequency	4	SUPT16H
Low-frequency	4	SUPT5H
Low-frequency	4	SYTL5
Low-frequency	4	TEX36
Low-frequency	4	TLN2
Low-frequency	4	TM9SF4
Low-frequency	4	TMC1
Low-frequency	4	TMEM176A
Low-frequency	4	TNNI3
Low-frequency	4	TRMT44
Low-frequency	4	TRPV4
Low-frequency	4	TTC21B
Low-frequency	4	URI1
Low-frequency	4	VPS13D
Low-frequency	4	WDR36
Low-frequency	4	WNK1
Low-frequency	4	WRN
Low-frequency	4	YEATS2
Low-frequency	4	ZDHHC24
Low-frequency	4	ZNF365
Low-frequency	5	AAAS
Low-frequency	5	AAMDC
Low-frequency	5	ABCA12
Low-frequency	5	ABCB4
Low-frequency	5	ABCC1
Low-frequency	5	ACTN4
Low-frequency	5	ADAMTS12
Low-frequency	5	AGAP1
Low-frequency	5	ALOX12B
Low-frequency	5	ANOS1
Low-frequency	5	ANXA5
Low-frequency	5	APPBP2
Low-frequency	5	APRT
Low-frequency	5	ARHGAP26
Low-frequency	5	ARHGEF10
Low-frequency	5	ARMC12
Low-frequency	5	ATF2
Low-frequency	5	ATG16L2
Low-frequency	5	ATG2B
Low-frequency	5	ATP13A4
Low-frequency	5	ATP7A
Low-frequency	5	ATP7B
Low-frequency	5	BAP1
Low-frequency	5	BLMH
Low-frequency	5	BOLL
Low-frequency	5	BSCL2
Low-frequency	5	C1QBP
Low-frequency	5	CACNB4
Low-frequency	5	CCNB3
Low-frequency	5	CCNF
Low-frequency	5	CDC123
Low-frequency	5	CEP120
Low-frequency	5	CEP290
Low-frequency	5	CEP83
Low-frequency	5	CHAF1A
Low-frequency	5	CHM
Low-frequency	5	CISD3
Low-frequency	5	CLCN5
Low-frequency	5	CNKSR3
Low-frequency	5	CPNE6
Low-frequency	5	CSNK2A1
Low-frequency	5	CTNS
Low-frequency	5	CTSA
Low-frequency	5	CUL4A
Low-frequency	5	DCTN2
Low-frequency	5	ELMO1
Low-frequency	5	EMG1
Low-frequency	5	ERAP1
Low-frequency	5	ERCC8
Low-frequency	5	ETFDH
Low-frequency	5	FSHR
Low-frequency	5	GCOM1
Low-frequency	5	GFAP
Low-frequency	5	GLB1L3
Low-frequency	5	GNPTAB
Low-frequency	5	HADHB
Low-frequency	5	HSPB1
Low-frequency	5	IFI35
Low-frequency	5	IL11RA
Low-frequency	5	INTS4
Low-frequency	5	ITGB4
Low-frequency	5	ITSN2
Low-frequency	5	KBTBD11-OT1
Low-frequency	5	KCND3
Low-frequency	5	KHSRP
Low-frequency	5	LPCAT3
Low-frequency	5	LSS
Low-frequency	5	MADD
Low-frequency	5	MAN2B1
Low-frequency	5	MDH1
Low-frequency	5	MITF
Low-frequency	5	MVK
Low-frequency	5	MYBL2
Low-frequency	5	MYZAP
Low-frequency	5	NFKB1
Low-frequency	5	NFYC
Low-frequency	5	NOP2
Low-frequency	5	NPHS1
Low-frequency	5	PARK7
Low-frequency	5	PAX6
Low-frequency	5	PBRM1
Low-frequency	5	PCBP2
Low-frequency	5	PCDH11X
Low-frequency	5	PDZD11
Low-frequency	5	PGK1
Low-frequency	5	PHF8
Low-frequency	5	PITPNB
Low-frequency	5	PMS2
Low-frequency	5	POR
Low-frequency	5	PPOX
Low-frequency	5	PRELID3A
Low-frequency	5	PRKDC
Low-frequency	5	PRPF31
Low-frequency	5	PTPN18
Low-frequency	5	PTPN9
Low-frequency	5	RANGAP1
Low-frequency	5	REEP1
Low-frequency	5	RHOJ
Low-frequency	5	RPE65
Low-frequency	5	SCAMP2
Low-frequency	5	SESN1
Low-frequency	5	SETX
Low-frequency	5	SLC12A1
Low-frequency	5	SLC4A11
Low-frequency	5	SLC5A2
Low-frequency	5	SOD1
Low-frequency	5	SORCS3
Low-frequency	5	SPX
Low-frequency	5	SYCP1
Low-frequency	5	TAT
Low-frequency	5	TDRD9
Low-frequency	5	TESK2
Low-frequency	5	TGFB1
Low-frequency	5	TLN1
Low-frequency	5	TOP1MT
Low-frequency	5	TOP3B
Low-frequency	5	TPM3
Low-frequency	5	TRIM55
Low-frequency	5	TRPM1
Low-frequency	5	TSPAN17
Low-frequency	5	TSPAN19
Low-frequency	5	TSPAN5
Low-frequency	5	UBE2I
Low-frequency	5	UQCRC2
Low-frequency	5	USP34
Low-frequency	5	UTP4
Low-frequency	5	VSX1
Low-frequency	5	WDR19
Low-frequency	5	WDR5
Low-frequency	5	WWC3
Low-frequency	5	XPO7
Low-frequency	5	ZFYVE21
Low-frequency	5	ZMYND10
Low-frequency	6	ACMSD
Low-frequency	6	ACTR3C
Low-frequency	6	ADCY8
Low-frequency	6	AFF2
Low-frequency	6	AGTPBP1
Low-frequency	6	ALG1L9P
Low-frequency	6	ALG6
Low-frequency	6	AQP5
Low-frequency	6	ARHGAP12
Low-frequency	6	ARHGEF3
Low-frequency	6	ARMC8
Low-frequency	6	ASAH1
Low-frequency	6	BBS1
Low-frequency	6	BRCA2
Low-frequency	6	C12orf56
Low-frequency	6	CACNA2D2
Low-frequency	6	CACNB2
Low-frequency	6	CAMTA1
Low-frequency	6	CBFA2T3
Low-frequency	6	CCNH
Low-frequency	6	CCZ1B
Low-frequency	6	CDH1
Low-frequency	6	CEP170
Low-frequency	6	CETP
Low-frequency	6	CGN
Low-frequency	6	CHRNA5
Low-frequency	6	CLCN2
Low-frequency	6	CMTR1
Low-frequency	6	COL9A3
Low-frequency	6	COPE
Low-frequency	6	CSF1
Low-frequency	6	DDX59
Low-frequency	6	DES
Low-frequency	6	DLD
Low-frequency	6	DNAJC9
Low-frequency	6	DSPP
Low-frequency	6	EVC2
Low-frequency	6	EZH2
Low-frequency	6	F9
Low-frequency	6	FAM149B1
Low-frequency	6	FAM86C1P
Low-frequency	6	FCHSD2
Low-frequency	6	FGFR1
Low-frequency	6	FRMD4B
Low-frequency	6	FUBP1
Low-frequency	6	GARNL3
Low-frequency	6	GLB1L
Low-frequency	6	GML
Low-frequency	6	GRIK4
Low-frequency	6	GSS
Low-frequency	6	HADHA
Low-frequency	6	HOMER2
Low-frequency	6	HUWE1
Low-frequency	6	IFT172
Low-frequency	6	IKBKB
Low-frequency	6	JAG1
Low-frequency	6	JAKMIP3
Low-frequency	6	KDM2B
Low-frequency	6	KIDINS220
Low-frequency	6	KRTDAP
Low-frequency	6	LDLR
Low-frequency	6	LGI1
Low-frequency	6	LIG1
Low-frequency	6	LSP1
Low-frequency	6	LYST
Low-frequency	6	MAK16
Low-frequency	6	MLPH
Low-frequency	6	MPP7
Low-frequency	6	MROH2B
Low-frequency	6	MSH4
Low-frequency	6	MTMR1
Low-frequency	6	MYL2
Low-frequency	6	MYO7A
Low-frequency	6	NEK6
Low-frequency	6	PAPPA
Low-frequency	6	PCGF6
Low-frequency	6	PDE6C
Low-frequency	6	PEX6
Low-frequency	6	PLA2G6
Low-frequency	6	PMEPA1
Low-frequency	6	PPL
Low-frequency	6	PPT1
Low-frequency	6	PRKCSH
Low-frequency	6	PRKD3
Low-frequency	6	PSTPIP2
Low-frequency	6	RASA1
Low-frequency	6	RASAL2
Low-frequency	6	RNF165
Low-frequency	6	RPL17
Low-frequency	6	RPL17-C18orf32
Low-frequency	6	RPN2
Low-frequency	6	RPS4Y1
Low-frequency	6	SDHC
Low-frequency	6	SEMA3G
Low-frequency	6	SLC25A29
Low-frequency	6	SMCHD1
Low-frequency	6	SMN1
Low-frequency	6	SURF1
Low-frequency	6	SYS1-DBNDD2
Low-frequency	6	TAF4B
Low-frequency	6	TBC1D9B
Low-frequency	6	TEP1
Low-frequency	6	TLE2
Low-frequency	6	TMEM131
Low-frequency	6	TMTC1
Low-frequency	6	TP53TG5
Low-frequency	6	TRIM22
Low-frequency	6	TRIM5
Low-frequency	6	TTI2
Low-frequency	6	UFD1
Low-frequency	6	UGT1A1
Low-frequency	6	UGT1A10
Low-frequency	6	UGT1A3
Low-frequency	6	UGT1A4
Low-frequency	6	UGT1A5
Low-frequency	6	UGT1A6
Low-frequency	6	UGT1A7
Low-frequency	6	UGT1A8
Low-frequency	6	UGT1A9
Low-frequency	6	VPS35
Low-frequency	6	WIPI1
Low-frequency	6	XGY2
Low-frequency	6	ZNF546
Low-frequency	7	ACTR3B
Low-frequency	7	AFF1
Low-frequency	7	ALDH1L2
Low-frequency	7	AP1M1
Low-frequency	7	ARHGEF26
Low-frequency	7	ARPC4
Low-frequency	7	ARPC4-TTLL3
Low-frequency	7	BTF3
Low-frequency	7	CA13
Low-frequency	7	CACNA1S
Low-frequency	7	CCM2
Low-frequency	7	CD34
Low-frequency	7	CD40LG
Low-frequency	7	CDC73
Low-frequency	7	CHD7
Low-frequency	7	CHEK2
Low-frequency	7	CLCN3
Low-frequency	7	COL4A6
Low-frequency	7	COPB2
Low-frequency	7	CTNNA2
Low-frequency	7	CTPS2
Low-frequency	7	CUX1
Low-frequency	7	CYBB
Low-frequency	7	DDX11
Low-frequency	7	DPYD
Low-frequency	7	EDA
Low-frequency	7	ELAPOR1
Low-frequency	7	ERI3
Low-frequency	7	FAS
Low-frequency	7	FKBP15
Low-frequency	7	FXR2
Low-frequency	7	GAA
Low-frequency	7	GLDC
Low-frequency	7	GNS
Low-frequency	7	HMGCL
Low-frequency	7	HNRNPUL2-BSCL2
Low-frequency	7	HTRA3
Low-frequency	7	IDS
Low-frequency	7	IL10
Low-frequency	7	IL13
Low-frequency	7	ITGA3
Low-frequency	7	ITGA5
Low-frequency	7	KDM6A
Low-frequency	7	KMT2C
Low-frequency	7	KMT2D
Low-frequency	7	KRI1
Low-frequency	7	MARS1
Low-frequency	7	MMAB
Low-frequency	7	MYO18A
Low-frequency	7	MYO5A
Low-frequency	7	NAGLU
Low-frequency	7	NCBP3
Low-frequency	7	NDUFS2
Low-frequency	7	NIPBL
Low-frequency	7	NOPCHAP1
Low-frequency	7	NRDC
Low-frequency	7	OS9
Low-frequency	7	OSBPL9
Low-frequency	7	PARVA
Low-frequency	7	PATL1
Low-frequency	7	PCCA
Low-frequency	7	PDE2A
Low-frequency	7	PDE4D
Low-frequency	7	PDPR
Low-frequency	7	PIGH
Low-frequency	7	PKIG
Low-frequency	7	PLA2R1
Low-frequency	7	POLR2G
Low-frequency	7	POMGNT1
Low-frequency	7	PTMS
Low-frequency	7	PTPN11
Low-frequency	7	PTPN3
Low-frequency	7	QTRT1
Low-frequency	7	RABGAP1
Low-frequency	7	RDX
Low-frequency	7	RNASEH2B
Low-frequency	7	RNF130
Low-frequency	7	RNF214
Low-frequency	7	RPS6KA1
Low-frequency	7	SACM1L
Low-frequency	7	SH2D1A
Low-frequency	7	SLC25A20
Low-frequency	7	SLC26A9
Low-frequency	7	SMPD1
Low-frequency	7	SNRPB2
Low-frequency	7	SPINK5
Low-frequency	7	SSBP2
Low-frequency	7	STK11IP
Low-frequency	7	TH2LCRR
Low-frequency	7	TOPBP1
Low-frequency	7	TPMT
Low-frequency	7	TRIM35
Low-frequency	7	USP33
Low-frequency	7	VAC14
Low-frequency	7	VMP1
Low-frequency	7	XPC
Low-frequency	7	XRN1
Low-frequency	7	ZFYVE27
Low-frequency	8	ABCC2
Low-frequency	8	ACBD5
Low-frequency	8	ACTN1
Low-frequency	8	ACTR3
Low-frequency	8	AFAP1L1
Low-frequency	8	AQP2
Low-frequency	8	ARL3
Low-frequency	8	AVIL
Low-frequency	8	BPIFB3
Low-frequency	8	CAMK4
Low-frequency	8	CARD14
Low-frequency	8	CARS1
Low-frequency	8	CASK
Low-frequency	8	CCBE1
Low-frequency	8	CCNE1
Low-frequency	8	CERS4
Low-frequency	8	CHD1
Low-frequency	8	COL6A1
Low-frequency	8	COQ8A
Low-frequency	8	DOCK4
Low-frequency	8	EBNA1BP2
Low-frequency	8	EIF4ENIF1
Low-frequency	8	ELL
Low-frequency	8	ETFA
Low-frequency	8	FAM13A
Low-frequency	8	FBXL2
Low-frequency	8	GARRE1
Low-frequency	8	GRAMD2A
Low-frequency	8	GSR
Low-frequency	8	INTS3
Low-frequency	8	IQGAP3
Low-frequency	8	ISY1
Low-frequency	8	ISY1-RAB43
Low-frequency	8	LAMA1
Low-frequency	8	LAMA2
Low-frequency	8	MAP2K4
Low-frequency	8	MED12
Low-frequency	8	MFSD14B
Low-frequency	8	MYO1C
Low-frequency	8	NCOA1
Low-frequency	8	NIPAL2
Low-frequency	8	NRDE2
Low-frequency	8	P2RX4
Low-frequency	8	PALB2
Low-frequency	8	PAN2
Low-frequency	8	PDHA1
Low-frequency	8	PHC2
Low-frequency	8	PHLDB1
Low-frequency	8	PLCB2
Low-frequency	8	PMPCA
Low-frequency	8	PRKAR1A
Low-frequency	8	PRKX
Low-frequency	8	PRPF19
Low-frequency	8	PSMD1
Low-frequency	8	RAE1
Low-frequency	8	RAPH1
Low-frequency	8	REXO2
Low-frequency	8	RPH3AL
Low-frequency	8	SERPINC1
Low-frequency	8	SGK2
Low-frequency	8	SGSH
Low-frequency	8	SLC4A8
Low-frequency	8	SNX13
Low-frequency	8	SUMF1
Low-frequency	8	SUN2
Low-frequency	8	TBC1D22A
Low-frequency	8	TGDS
Low-frequency	8	TRIM39
Low-frequency	8	TRIM39-RPP21
Low-frequency	8	TRIM54
Low-frequency	8	TSFM
Low-frequency	8	TSHR
Low-frequency	8	TSLP
Low-frequency	8	TSPAN14
Low-frequency	8	TTLL9
Low-frequency	8	TXLNB
Low-frequency	8	UBA5
Low-frequency	8	UNC13D
Low-frequency	8	UQCRC1
Low-frequency	8	USB1
Low-frequency	8	USP9X
Low-frequency	8	UTP6
Low-frequency	8	WDPCP
Low-frequency	8	WDR33
Low-frequency	8	XPNPEP2
Low-frequency	8	XPO6
Low-frequency	9	ABCF2
Low-frequency	9	ABCF2-H2BK1
Low-frequency	9	ADA
Low-frequency	9	ADAM12
Low-frequency	9	ADGRD1
Low-frequency	9	ADSL
Low-frequency	9	AKAP3
Low-frequency	9	ALDH7A1
Low-frequency	9	ALG5
Low-frequency	9	ANKH
Low-frequency	9	ATRX
Low-frequency	9	BFSP1
Low-frequency	9	CA1
Low-frequency	9	CA6
Low-frequency	9	CARMIL3
Low-frequency	9	CASQ1
Low-frequency	9	CCDC180
Low-frequency	9	CHD6
Low-frequency	9	CHMP7
Low-frequency	9	COLQ
Low-frequency	9	COQ8B
Low-frequency	9	CPNE1
Low-frequency	9	DDX17
Low-frequency	9	DECR1
Low-frequency	9	DENND1A
Low-frequency	9	DNAJA3
Low-frequency	9	DRG1
Low-frequency	9	DSP
Low-frequency	9	DZANK1
Low-frequency	9	ENG
Low-frequency	9	ENPP1
Low-frequency	9	EPB41
Low-frequency	9	EXOSC5
Low-frequency	9	GLIPR1
Low-frequency	9	GOLGA3
Low-frequency	9	GRK5
Low-frequency	9	IFT81
Low-frequency	9	INO80
Low-frequency	9	IQCH
Low-frequency	9	JHY
Low-frequency	9	KATNB1
Low-frequency	9	KMT2A
Low-frequency	9	KRR1
Low-frequency	9	MAPKAPK5
Low-frequency	9	MARCHF6
Low-frequency	9	MARK4
Low-frequency	9	MCM5
Low-frequency	9	MED24
Low-frequency	9	METTL17
Low-frequency	9	MPV17
Low-frequency	9	MTM1
Low-frequency	9	MTMR4
Low-frequency	9	NAPA
Low-frequency	9	NOTCH3
Low-frequency	9	NPC2
Low-frequency	9	NPM1
Low-frequency	9	NT5DC3
Low-frequency	9	NUP160
Low-frequency	9	OPTC
Low-frequency	9	OSBPL6
Low-frequency	9	OSBPL7
Low-frequency	9	OSGEP
Low-frequency	9	PCBD1
Low-frequency	9	PDE11A
Low-frequency	9	PEPD
Low-frequency	9	PGM2L1
Low-frequency	9	POLR1A
Low-frequency	9	PPP2R5A
Low-frequency	9	PROS1
Low-frequency	9	PYGM
Low-frequency	9	R3HDM2
Low-frequency	9	RAB12
Low-frequency	9	RAB40B
Low-frequency	9	RFC1
Low-frequency	9	SDHB
Low-frequency	9	SEC24A
Low-frequency	9	SEMA4F
Low-frequency	9	SH3BGR
Low-frequency	9	SHANK1
Low-frequency	9	SLMAP
Low-frequency	9	SMARCAL1
Low-frequency	9	STAG2
Low-frequency	9	STAT5B
Low-frequency	9	STK10
Low-frequency	9	SUGT1P4-STRA6LP-CCDC180
Low-frequency	9	TAOK3
Low-frequency	9	TARS2
Low-frequency	9	TNRC6A
Low-frequency	9	TTC3
Low-frequency	9	UROD
Low-frequency	9	UROS
Low-frequency	9	WASHC5
Low-frequency	9	XYLB
Low-frequency	10	ABCB7
Low-frequency	10	ABCG2
Low-frequency	10	ACADM
Low-frequency	10	AMPH
Low-frequency	10	ANKRD11
Low-frequency	10	ATP13A3
Low-frequency	10	ATP1A4
Low-frequency	10	ATP2C1
Low-frequency	10	ATP8B2
Low-frequency	10	BRAF
Low-frequency	10	CA12
Low-frequency	10	CAMK2D
Low-frequency	10	CCZ1
Low-frequency	10	CDK5RAP2
Low-frequency	10	CEP43
Low-frequency	10	COL16A1
Low-frequency	10	CTPS1
Low-frequency	10	CTSH
Low-frequency	10	CUBN
Low-frequency	10	DDX42
Low-frequency	10	DKC1
Low-frequency	10	DNAH1
Low-frequency	10	DNAI3
Low-frequency	10	DNM1L
Low-frequency	10	DRD2
Low-frequency	10	DTX4
Low-frequency	10	EIF4G3
Low-frequency	10	ERBIN
Low-frequency	10	ESR2
Low-frequency	10	FARP1
Low-frequency	10	FCAMR
Low-frequency	10	FOXP1
Low-frequency	10	FUBP3
Low-frequency	10	GALNS
Low-frequency	10	GET1-SH3BGR
Low-frequency	10	GRK3
Low-frequency	10	GTF2A1
Low-frequency	10	GTF2H1
Low-frequency	10	HERC1
Low-frequency	10	INPP5K
Low-frequency	10	IPO9
Low-frequency	10	ITGA6
Low-frequency	10	IVD
Low-frequency	10	KDM8
Low-frequency	10	KIF24
Low-frequency	10	KRT8
Low-frequency	10	LIMK1
Low-frequency	10	MDM4
Low-frequency	10	MYO9B
Low-frequency	10	NOX1
Low-frequency	10	NUGGC
Low-frequency	10	PACS1
Low-frequency	10	PARP6
Low-frequency	10	PFKFB3
Low-frequency	10	PIP4K2B
Low-frequency	10	POLR3A
Low-frequency	10	PRDM5
Low-frequency	10	PSMA3
Low-frequency	10	PUS10
Low-frequency	10	RALGPS1
Low-frequency	10	RIF1
Low-frequency	10	RPH3A
Low-frequency	10	RPS5
Low-frequency	10	SEC14L3
Low-frequency	10	SETBP1
Low-frequency	10	SGPL1
Low-frequency	10	SLC36A3
Low-frequency	10	SLC37A1
Low-frequency	10	SLC39A2
Low-frequency	10	SNRNP70
Low-frequency	10	SPTA1
Low-frequency	10	SPTB
Low-frequency	10	SSPN
Low-frequency	10	STAT2
Low-frequency	10	TFRC
Low-frequency	10	TNRC6C
Low-frequency	10	TRAF3IP2
Low-frequency	10	TRAF3IP3
Low-frequency	10	TRPV2
Low-frequency	10	TSC1
Low-frequency	10	TSPAN6
Low-frequency	10	TTYH2
Low-frequency	10	UACA
Low-frequency	10	UBR1
Low-frequency	10	UQCC1
Low-frequency	10	VWF
Low-frequency	10	XRCC5
Low-frequency	11	ACOT11
Low-frequency	11	ACOX3
Low-frequency	11	ACSBG1
Low-frequency	11	ADAM23
Low-frequency	11	ADAMTS18
Low-frequency	11	AHNAK2
Low-frequency	11	AKAP4
Low-frequency	11	AKR1C3
Low-frequency	11	AP1G1
Low-frequency	11	ARIH2
Low-frequency	11	ARMH4
Low-frequency	11	ARNT2
Low-frequency	11	ATG7
Low-frequency	11	B4GALNT3
Low-frequency	11	BANP
Low-frequency	11	BIN1
Low-frequency	11	BRD9
Low-frequency	11	CAMKK2
Low-frequency	11	CARS2
Low-frequency	11	CCDC27
Low-frequency	11	CFAP61
Low-frequency	11	CLN3
Low-frequency	11	CREBBP
Low-frequency	11	CRYM
Low-frequency	11	DAB2IP
Low-frequency	11	DLG2
Low-frequency	11	DMAP1
Low-frequency	11	DNAH3
Low-frequency	11	DOP1B
Low-frequency	11	DPYSL3
Low-frequency	11	EBF1
Low-frequency	11	EIF3B
Low-frequency	11	EXOC6B
Low-frequency	11	G6PD
Low-frequency	11	GALNT18
Low-frequency	11	GNAS
Low-frequency	11	GRIA1
Low-frequency	11	HOOK3
Low-frequency	11	HSD17B3
Low-frequency	11	HUS1
Low-frequency	11	KATNAL2
Low-frequency	11	KIF13A
Low-frequency	11	KIF5A
Low-frequency	11	MCCC1
Low-frequency	11	MCCC2
Low-frequency	11	MEN1
Low-frequency	11	METTL16
Low-frequency	11	MIX23
Low-frequency	11	MROH7-TTC4
Low-frequency	11	MRPS11
Low-frequency	11	MS4A8
Low-frequency	11	MYBPC3
Low-frequency	11	MYH3
Low-frequency	11	MYO5B
Low-frequency	11	NCF1
Low-frequency	11	NIF3L1
Low-frequency	11	NPHP3-ACAD11
Low-frequency	11	NSMAF
Low-frequency	11	NUP188
Low-frequency	11	PMM2
Low-frequency	11	POC1A
Low-frequency	11	PORCN
Low-frequency	11	PPFIA1
Low-frequency	11	PTPN23
Low-frequency	11	PZP
Low-frequency	11	RABL3
Low-frequency	11	RBM18
Low-frequency	11	RIOK3
Low-frequency	11	SCN1A
Low-frequency	11	SFXN4
Low-frequency	11	SORCS1
Low-frequency	11	SPAG7
Low-frequency	11	SRSF11
Low-frequency	11	STARD3NL
Low-frequency	11	SYNE2
Low-frequency	11	TMEM44
Low-frequency	11	TSPAN33
Low-frequency	11	TTC4
Low-frequency	11	USP25
Low-frequency	11	VAV1
Low-frequency	11	WDTC1
Low-frequency	11	ZNF106
Low-frequency	11	ZXDC
Low-frequency	12	ACACA
Low-frequency	12	ACOT12
Low-frequency	12	AIFM2
Low-frequency	12	ANKS1A
Low-frequency	12	ARHGAP15
Low-frequency	12	AXDND1
Low-frequency	12	CAP1
Low-frequency	12	CCDC47
Low-frequency	12	CEP250
Low-frequency	12	CKMT2
Low-frequency	12	COL23A1
Low-frequency	12	COPG1
Low-frequency	12	CPNE2
Low-frequency	12	CPNE3
Low-frequency	12	CTNNAL1
Low-frequency	12	DDX39A
Low-frequency	12	DHX33
Low-frequency	12	DIAPH1
Low-frequency	12	DNM3
Low-frequency	12	DOCK3
Low-frequency	12	DOCK9
Low-frequency	12	DPYSL5
Low-frequency	12	EDRF1
Low-frequency	12	EIF2B2
Low-frequency	12	ERCC2
Low-frequency	12	EYA1
Low-frequency	12	FCER1G
Low-frequency	12	FEZ1
Low-frequency	12	GID4
Low-frequency	12	GINS4
Low-frequency	12	GPI
Low-frequency	12	GPR107
Low-frequency	12	GRID1
Low-frequency	12	IFT88
Low-frequency	12	JAKMIP2
Low-frequency	12	KRT2
Low-frequency	12	LPIN1
Low-frequency	12	MAP2K5
Low-frequency	12	MAP3K20
Low-frequency	12	MYB
Low-frequency	12	NISCH
Low-frequency	12	NOMO3
Low-frequency	12	P2RY12
Low-frequency	12	PA2G4
Low-frequency	12	PDCD10
Low-frequency	12	PHF21A
Low-frequency	12	PINX1
Low-frequency	12	RARRES1
Low-frequency	12	REPS2
Low-frequency	12	RRP12
Low-frequency	12	RYR2
Low-frequency	12	SAAL1
Low-frequency	12	SEC31B
Low-frequency	12	SEMA4A
Low-frequency	12	SMPX
Low-frequency	12	SNX27
Low-frequency	12	TK2
Low-frequency	12	TMEM255B
Low-frequency	12	TP53
Low-frequency	12	TRAIP
Low-frequency	12	TRIM67
Low-frequency	12	TRIP12
Low-frequency	12	TRPM8
Low-frequency	12	TUFT1
Low-frequency	12	UBE3B
Low-frequency	12	ZMYND11
Low-frequency	12	ZNF34
Low-frequency	13	ACSM1
Low-frequency	13	ANO1
Low-frequency	13	ANXA1
Low-frequency	13	APP
Low-frequency	13	AREL1
Low-frequency	13	ATP6V1B1
Low-frequency	13	ATPAF1
Low-frequency	13	BRWD3
Low-frequency	13	C11orf65
Low-frequency	13	CAPN9
Low-frequency	13	CCDC33
Low-frequency	13	CCDC86
Low-frequency	13	CERNA1
Low-frequency	13	CFAP91
Low-frequency	13	CHCHD3
Low-frequency	13	CLPTM1L
Low-frequency	13	COG4
Low-frequency	13	COL17A1
Low-frequency	13	CREB5
Low-frequency	13	CYB5R3
Low-frequency	13	CYBA
Low-frequency	13	DENND2C
Low-frequency	13	DNTT
Low-frequency	13	EFTUD2
Low-frequency	13	ELMOD3
Low-frequency	13	EPB41L4B
Low-frequency	13	ERC2
Low-frequency	13	FBXO31
Low-frequency	13	FMNL3
Low-frequency	13	GCKR
Low-frequency	13	HYAL4
Low-frequency	13	ITGAE
Low-frequency	13	ITPR3
Low-frequency	13	KIF19
Low-frequency	13	KIF1B
Low-frequency	13	KNTC1
Low-frequency	13	KTN1
Low-frequency	13	LAPTM5
Low-frequency	13	LIMCH1
Low-frequency	13	LMX1B
Low-frequency	13	MAU2
Low-frequency	13	MED27
Low-frequency	13	MELK
Low-frequency	13	MGAT5B
Low-frequency	13	MLC1
Low-frequency	13	MTR
Low-frequency	13	MYO5C
Low-frequency	13	NAA40
Low-frequency	13	NDRG3
Low-frequency	13	NGEF
Low-frequency	13	NMU
Low-frequency	13	OCA2
Low-frequency	13	PEX5L
Low-frequency	13	PGS1
Low-frequency	13	PHC1
Low-frequency	13	PHTF1
Low-frequency	13	PLEKHG4B
Low-frequency	13	POLA2
Low-frequency	13	PPFIBP2
Low-frequency	13	PRKAR2A
Low-frequency	13	RAB36
Low-frequency	13	RAI14
Low-frequency	13	RGS7
Low-frequency	13	RMDN3
Low-frequency	13	RNF212
Low-frequency	13	RSPH1
Low-frequency	13	SEL1L
Low-frequency	13	SETD3
Low-frequency	13	SLC2A11
Low-frequency	13	SLC44A1
Low-frequency	13	SLC5A11
Low-frequency	13	SND1
Low-frequency	13	SOX5
Low-frequency	13	SPTBN1
Low-frequency	13	SRGAP3
Low-frequency	13	STXBP1
Low-frequency	13	TRRAP
Low-frequency	13	USP2
Low-frequency	13	VAX2
Low-frequency	13	XRCC1
Low-frequency	14	ACADVL
Low-frequency	14	ACAT1
Low-frequency	14	ACSM3
Low-frequency	14	AFAP1L2
Low-frequency	14	AKAP1
Low-frequency	14	AMFR
Low-frequency	14	ANO2
Low-frequency	14	APPL1
Low-frequency	14	ARHGEF12
Low-frequency	14	CA3
Low-frequency	14	CCDC63
Low-frequency	14	CLCNKB
Low-frequency	14	CNKSR2
Low-frequency	14	CNOT3
Low-frequency	14	COX16
Low-frequency	14	DBN1
Low-frequency	14	DOCK2
Low-frequency	14	DOCK8
Low-frequency	14	ECEL1
Low-frequency	14	EIF3G
Low-frequency	14	ESYT1
Low-frequency	14	EVPL
Low-frequency	14	FCHSD1
Low-frequency	14	FGD3
Low-frequency	14	GK
Low-frequency	14	GLI1
Low-frequency	14	HMGA1
Low-frequency	14	HSD17B4
Low-frequency	14	HSP90B1
Low-frequency	14	IGF2BP2
Low-frequency	14	IGF2BP3
Low-frequency	14	KRT84
Low-frequency	14	LIX1
Low-frequency	14	MTMR2
Low-frequency	14	NANOG
Low-frequency	14	NAT10
Low-frequency	14	NBEA
Low-frequency	14	NOC3L
Low-frequency	14	OXCT1
Low-frequency	14	PFKP
Low-frequency	14	PITPNA
Low-frequency	14	POLDIP3
Low-frequency	14	RAB40C
Low-frequency	14	RBM6
Low-frequency	14	RBPMS
Low-frequency	14	RCOR2
Low-frequency	14	RNF213
Low-frequency	14	SERPINB11
Low-frequency	14	SERPINB3
Low-frequency	14	SLC25A17
Low-frequency	14	SPHKAP
Low-frequency	14	SYNJ2BP
Low-frequency	14	SYNJ2BP-COX16
Low-frequency	14	TH
Low-frequency	14	TTC13
Low-frequency	14	UBR4
Low-frequency	14	UQCC6
Low-frequency	14	VRK3
Low-frequency	14	WT1
Low-frequency	14	WWP2
Low-frequency	15	AASS
Low-frequency	15	ABCC4
Low-frequency	15	ABCC6
Low-frequency	15	ACACB
Low-frequency	15	ACSL6
Low-frequency	15	ADAM22
Low-frequency	15	AGXT2
Low-frequency	15	APBA1
Low-frequency	15	ARFGEF3
Low-frequency	15	C3orf14
Low-frequency	15	C6orf118
Low-frequency	15	CCDC134
Low-frequency	15	CCDC92
Low-frequency	15	CDK15
Low-frequency	15	CNBD2
Low-frequency	15	DGKD
Low-frequency	15	DNAH10
Low-frequency	15	DNAH10OS
Low-frequency	15	FNBP1
Low-frequency	15	HIP1
Low-frequency	15	ITPR2
Low-frequency	15	JARID2
Low-frequency	15	KALRN
Low-frequency	15	KNSTRN
Low-frequency	15	KRT5
Low-frequency	15	KYAT3
Low-frequency	15	MAN1C1
Low-frequency	15	MARK3
Low-frequency	15	MSI1
Low-frequency	15	MTMR14
Low-frequency	15	MUTYH
Low-frequency	15	NARS2
Low-frequency	15	NFE2L3
Low-frequency	15	NPR1
Low-frequency	15	PARN
Low-frequency	15	PFKM
Low-frequency	15	PRKG1
Low-frequency	15	PRRC2B
Low-frequency	15	PRTFDC1
Low-frequency	15	PTMA
Low-frequency	15	QARS1
Low-frequency	15	RPS19
Low-frequency	15	RPS6KA2
Low-frequency	15	SCGN
Low-frequency	15	SEC63
Low-frequency	15	SLC25A12
Low-frequency	15	SLC28A3
Low-frequency	15	SLC2A3
Low-frequency	15	SMARCD3
Low-frequency	15	SORCS2
Low-frequency	15	SPAG5
Low-frequency	15	SUN1
Low-frequency	15	SYN3
Low-frequency	15	SYNE1
Low-frequency	15	TRPV1
Low-frequency	15	UTRN
Low-frequency	15	VPS13A
Low-frequency	15	ZNFX1
Low-frequency	16	AATF
Low-frequency	16	ABR
Low-frequency	16	ADD1
Low-frequency	16	AHCYL2
Low-frequency	16	ATP2A2
Low-frequency	16	ATP9B
Low-frequency	16	CD84
Low-frequency	16	CD9
Low-frequency	16	CDH26
Low-frequency	16	CES5A
Low-frequency	16	CHMP1A
Low-frequency	16	CPAMD8
Low-frequency	16	CTNND1
Low-frequency	16	DLAT
Low-frequency	16	DOCK10
Low-frequency	16	ELOVL2
Low-frequency	16	ENOSF1
Low-frequency	16	EPB41L3
Low-frequency	16	EPYC
Low-frequency	16	EVC
Low-frequency	16	EXD1
Low-frequency	16	EXOSC10
Low-frequency	16	FBXL20
Low-frequency	16	GALNT9
Low-frequency	16	GLUD1
Low-frequency	16	GLYR1
Low-frequency	16	GON4L
Low-frequency	16	GPR156
Low-frequency	16	GRB10
Low-frequency	16	HTR3A
Low-frequency	16	HYAL2
Low-frequency	16	IL3RA
Low-frequency	16	ITPR1
Low-frequency	16	KAT7
Low-frequency	16	LARS2
Low-frequency	16	LDB2
Low-frequency	16	LSM11
Low-frequency	16	LUC7L
Low-frequency	16	MEIS2
Low-frequency	16	MIDN
Low-frequency	16	MRPL1
Low-frequency	16	MVB12B
Low-frequency	16	PDE10A
Low-frequency	16	PDILT
Low-frequency	16	PLEK
Low-frequency	16	PPP1R14D
Low-frequency	16	PSME3
Low-frequency	16	PTPN13
Low-frequency	16	PYGL
Low-frequency	16	RANBP17
Low-frequency	16	RASGEF1C
Low-frequency	16	REPS1
Low-frequency	16	RSKR
Low-frequency	16	SEL1L2
Low-frequency	16	SLC2A2
Low-frequency	16	SLC5A8
Low-frequency	16	STK36
Low-frequency	16	TBL1XR1
Low-frequency	16	TCEA3
Low-frequency	16	TEAD2
Low-frequency	16	TIMM44
Low-frequency	16	TMEM176B
Low-frequency	16	TTC26
Low-frequency	16	VPS35L
Low-frequency	17	ACP3
Low-frequency	17	ADAMTS14
Low-frequency	17	ALDH6A1
Low-frequency	17	ANKRD1
Low-frequency	17	ANXA3
Low-frequency	17	BBOF1
Low-frequency	17	BBX
Low-frequency	17	C3
Low-frequency	17	CAPN2
Low-frequency	17	CDH23
Low-frequency	17	CEP89
Low-frequency	17	CIT
Low-frequency	17	DAPK1
Low-frequency	17	DMKN
Low-frequency	17	DST
Low-frequency	17	EPRS1
Low-frequency	17	FAM120B
Low-frequency	17	FRMPD2
Low-frequency	17	GAD1
Low-frequency	17	H2AZ2
Low-frequency	17	HEYL
Low-frequency	17	IDH3A
Low-frequency	17	KCNN2
Low-frequency	17	KDM1B
Low-frequency	17	KEL
Low-frequency	17	MGAT5
Low-frequency	17	NRAP
Low-frequency	17	OSCP1
Low-frequency	17	PBX1
Low-frequency	17	PLCB1
Low-frequency	17	PPP2R3A
Low-frequency	17	PSMC3IP
Low-frequency	17	PTK2
Low-frequency	17	RBMS3
Low-frequency	17	RPIA
Low-frequency	17	SCLT1
Low-frequency	17	SEMA3F
Low-frequency	17	SGPP2
Low-frequency	17	SMPD4
Low-frequency	17	SPTAN1
Low-frequency	17	TRAF1
Low-frequency	17	TSKS
Low-frequency	17	TUBGCP3
Low-frequency	17	VIPAS39
Low-frequency	17	VPS33B
Low-frequency	17	WWC2
Low-frequency	18	ABCC5
Low-frequency	18	ABCC9
Low-frequency	18	AFDN
Low-frequency	18	AP2B1
Low-frequency	18	APBA2
Low-frequency	18	ATP6V1B2
Low-frequency	18	CA2
Low-frequency	18	DNAJC13
Low-frequency	18	DYSF
Low-frequency	18	EGFR
Low-frequency	18	FOXJ3
Low-frequency	18	HNRNPA2B1
Low-frequency	18	LDB1
Low-frequency	18	MCC
Low-frequency	18	MDH2
Low-frequency	18	MGRN1
Low-frequency	18	NPHP4
Low-frequency	18	PHKA1
Low-frequency	18	PSEN1
Low-frequency	18	PSMD2
Low-frequency	18	SEMA4C
Low-frequency	18	SLC24A4
Low-frequency	18	SNRNP200
Low-frequency	18	SNTG2
Low-frequency	18	SP140
Low-frequency	18	STK11
Low-frequency	18	STK31
Low-frequency	18	STX18
Low-frequency	18	TM4SF5
Low-frequency	18	TSPAN1
Low-frequency	18	TTC12
Low-frequency	18	UBE2L6
Low-frequency	18	UTP20
Low-frequency	18	WASHC3
Low-frequency	19	ABCA4
Low-frequency	19	ANAPC5
Low-frequency	19	ANXA2
Low-frequency	19	ARHGEF10L
Low-frequency	19	ASS1
Low-frequency	19	BCAS3
Low-frequency	19	BCKDHB
Low-frequency	19	CACNA1A
Low-frequency	19	CPEB1
Low-frequency	19	DHX16
Low-frequency	19	DNASE1
Low-frequency	19	GAS8
Low-frequency	19	GIGYF2
Low-frequency	19	GNRH1
Low-frequency	19	GRIPAP1
Low-frequency	19	ITGA2B
Low-frequency	19	LAPTM4A
Low-frequency	19	LRRFIP2
Low-frequency	19	ME3
Low-frequency	19	MYH7
Low-frequency	19	NPHS2
Low-frequency	19	PACS2
Low-frequency	19	PKHD1
Low-frequency	19	RAB8A
Low-frequency	19	SCN5A
Low-frequency	19	SEC22C
Low-frequency	19	SHPRH
Low-frequency	19	SLC1A4
Low-frequency	19	SLX4IP
Low-frequency	19	SYNJ2
Low-frequency	19	TDRD3
Low-frequency	19	TMEM67
Low-frequency	19	TOP3A
Low-frequency	19	TSPAN15
Low-frequency	19	UNC13A
Low-frequency	19	VPS53
Low-frequency	20	AGXT
Low-frequency	20	ANTXR2
Low-frequency	20	CALD1
Low-frequency	20	CHMP6
Low-frequency	20	DGKG
Low-frequency	20	IQCA1
Low-frequency	20	KCTD2
Low-frequency	20	LAMA3
Low-frequency	20	MTHFD1
Low-frequency	20	NCAPG2
Low-frequency	20	NEK5
Low-frequency	20	OSBPL1A
Low-frequency	20	PCCB
Low-frequency	20	PDE8B
Low-frequency	20	PLP1
Low-frequency	20	PRKAG2
Low-frequency	20	PRKD2
Low-frequency	20	PSAP
Low-frequency	20	PTEN
Low-frequency	20	RBL2
Low-frequency	20	RPTOR
Low-frequency	20	SH3RF2
Low-frequency	20	SLC35D1
Low-frequency	20	SULT6B1
Low-frequency	20	TERT
Low-frequency	20	TRAP1
Low-frequency	20	TRIM58
Low-frequency	20	VAT1L
Low-frequency	21	ABCD1
Low-frequency	21	ABLIM1
Low-frequency	21	ADAMTS17
Low-frequency	21	AGK
Low-frequency	21	ATM
Low-frequency	21	CAST
Low-frequency	21	COL6A2
Low-frequency	21	CTIF
Low-frequency	21	CTNNA1
Low-frequency	21	DDX31
Low-frequency	21	ESYT2
Low-frequency	21	EXT1
Low-frequency	21	MYH4
Low-frequency	21	NAP1L4
Low-frequency	21	NGDN
Low-frequency	21	NUP88
Low-frequency	21	PLXNC1
Low-frequency	21	PSME4
Low-frequency	21	REC114
Low-frequency	21	SF3B3
Low-frequency	21	TRPA1
Low-frequency	21	UNC13C
Low-frequency	21	VAV2
Low-frequency	21	WAS
Low-frequency	21	ZNF512
Low-frequency	22	ABTB2
Low-frequency	22	ANKRD6
Low-frequency	22	APLP2
Low-frequency	22	ATIC
Low-frequency	22	BBS2
Low-frequency	22	BIN2
Low-frequency	22	CLNK
Low-frequency	22	COL5A3
Low-frequency	22	EEF2KMT
Low-frequency	22	FANCA
Low-frequency	22	FANCI
Low-frequency	22	FOCAD
Low-frequency	22	GLB1
Low-frequency	22	GLB1L2
Low-frequency	22	LBP
Low-frequency	22	LYRM2
Low-frequency	22	MYH1
Low-frequency	22	NARF
Low-frequency	22	NCOA2
Low-frequency	22	NEDD4L
Low-frequency	22	PLEKHA7
Low-frequency	22	RABEP1
Low-frequency	22	RAVER1
Low-frequency	22	RGS22
Low-frequency	22	RGS9
Low-frequency	22	RPS6KA3
Low-frequency	22	SDHA
Low-frequency	22	SLC5A1
Low-frequency	22	TKTL1
Low-frequency	22	TRAF5
Low-frequency	22	ZMAT4
Low-frequency	23	ABCA1
Low-frequency	23	ASPH
Low-frequency	23	CDC25A
Low-frequency	23	COL15A1
Low-frequency	23	DHX35
Low-frequency	23	EPB41L1
Low-frequency	23	GALC
Low-frequency	23	GRIK3
Low-frequency	23	IFT57
Low-frequency	23	KCND2
Low-frequency	23	MAD1L1
Low-frequency	23	MTERF3
Low-frequency	23	MYO15A
Low-frequency	23	NEBL
Low-frequency	23	P3H1
Low-frequency	23	PAPPA2
Low-frequency	23	PHKA2
Low-frequency	23	RAB3IL1
Low-frequency	23	SLC12A3
Low-frequency	23	STAT3
Low-frequency	23	TMEM199
Low-frequency	23	TNNT2
Low-frequency	24	ABCC12
Low-frequency	24	ANKRD29
Low-frequency	24	C5
Low-frequency	24	CLUH
Low-frequency	24	COL4A3
Low-frequency	24	FAF1
Low-frequency	24	KLHDC4
Low-frequency	24	NDRG1
Low-frequency	24	PHEX
Low-frequency	24	PTS
Low-frequency	24	RAP1GAP2
Low-frequency	24	RRBP1
Low-frequency	24	TAB1
Low-frequency	24	TNIP2
Low-frequency	24	TPM1
Low-frequency	24	TTBK2
Low-frequency	24	USP24
Low-frequency	25	ANGPT2
Low-frequency	25	AOX1
Low-frequency	25	COL9A2
Low-frequency	25	DIP2B
Low-frequency	25	GLG1
Low-frequency	25	LRSAM1
Low-frequency	25	MPRIP
Low-frequency	25	POLG
Low-frequency	25	PPIL2
Low-frequency	25	PRKN
Low-frequency	25	RYR3
Low-frequency	25	SFXN5
Low-frequency	25	SLC24A3
Low-frequency	25	TLE4
Low-frequency	25	TSC2
Low-frequency	26	ANTXR1
Low-frequency	26	ASL
Low-frequency	26	CLCN1
Low-frequency	26	DROSHA
Low-frequency	26	EGFLAM
Low-frequency	26	FBN1
Low-frequency	26	HARS1
Low-frequency	26	MCPH1
Low-frequency	26	MICAL2
Low-frequency	26	MTOR
Low-frequency	26	NF2
Low-frequency	26	SNAP91
Low-frequency	26	WDR88
Low-frequency	27	CBS
Low-frequency	27	CD244
Low-frequency	27	DENND2A
Low-frequency	27	EPS15L1
Low-frequency	27	EZR
Low-frequency	27	NPLOC4
Low-frequency	27	PHKB
Low-frequency	27	RB1
Low-frequency	27	TAFAZZIN
Low-frequency	28	CLCN7
Low-frequency	28	KDSR
Low-frequency	28	LRRFIP1
Low-frequency	28	MED12L
Low-frequency	28	NAV2
Low-frequency	28	PATJ
Low-frequency	28	STAT1
Low-frequency	28	TLE3
Low-frequency	28	XYLT1
Low-frequency	29	ADGRB3
Low-frequency	29	CCDC93
Low-frequency	29	CGNL1
Low-frequency	29	FRRS1
Low-frequency	29	HGSNAT
Low-frequency	29	PDE6B
Low-frequency	30	ATP6V1E1
Low-frequency	30	COL12A1
Low-frequency	30	DDX27
Low-frequency	30	IFT43
Low-frequency	30	IPPK
Low-frequency	30	SEC23B
Low-frequency	30	TRIM63
Low-frequency	31	EPHX2
Low-frequency	31	FRMD4A
Low-frequency	31	GCH1
Low-frequency	31	MLH1
Low-frequency	31	MMS19
Low-frequency	31	RTF1
Low-frequency	31	SLC37A3
Low-frequency	31	TUB
Low-frequency	32	ATP2C2
Low-frequency	32	C4orf50
Low-frequency	32	CPS1
Low-frequency	32	HGD
Low-frequency	32	JAKMIP1
Low-frequency	32	KCNQ1
Low-frequency	32	OPA1
Low-frequency	32	PTPRN2
Low-frequency	33	ABAT
Low-frequency	33	FGD5
Low-frequency	33	MACF1
Low-frequency	33	MDN1
Low-frequency	33	PPP1R12B
Low-frequency	33	SLC26A4
Low-frequency	34	CPNE4
Low-frequency	34	OTC
Low-frequency	34	PDZRN3
Low-frequency	34	RYR1
Low-frequency	34	TP53I11
Low-frequency	34	TSPAN18
Low-frequency	35	DUS2
Low-frequency	35	GALT
Low-frequency	36	APPL2
Low-frequency	36	COL4A4
Low-frequency	37	DMD
Low-frequency	37	FARP2
Low-frequency	37	GCN1
Low-frequency	37	NEB
Low-frequency	37	PLEKHH1
Low-frequency	38	TNIP1
Low-frequency	39	APC
Low-frequency	40	CALB2
Low-frequency	40	COL9A1
Low-frequency	40	VPS41
Low-frequency	41	SLC28A1
Low-frequency	43	DYNC2H1
Low-frequency	43	HPRT1
Low-frequency	44	MYHAS
Low-frequency	44	NF1
Low-frequency	45	ANK2
Low-frequency	46	F8
Low-frequency	46	NUP93
Low-frequency	46	TRAF3
Low-frequency	46	VPS8
Low-frequency	49	ECE1
Low-frequency	50	ANK1
Low-frequency	50	COL13A1
Low-frequency	51	DGKI
Low-frequency	52	ABCC8
Low-frequency	53	PDE6A
Low-frequency	54	ANKDD1A
Low-frequency	54	COL14A1
Low-frequency	55	BEST1
Low-frequency	55	BTK
Low-frequency	55	COL5A1
Low-frequency	57	CAPN3
Low-frequency	58	B3GNTL1
Low-frequency	59	PDE9A
Low-frequency	62	CFTR
Low-frequency	62	PAH
Low-frequency	62	PLB1
Low-frequency	63	COL6A6
Low-frequency	63	SPAST
Low-frequency	65	DOCK5
Low-frequency	66	HMBS
Low-frequency	67	XDH
Low-frequency	68	STAB2
Low-frequency	71	COL11A2
Low-frequency	86	COL6A3
Low-frequency	88	COL4A5
Low-frequency	90	ANK3
Low-frequency	91	COL5A2
Low-frequency	92	COL25A1
Low-frequency	103	COL27A1
Low-frequency	106	COL24A1
Low-frequency	107	BRCA1
Low-frequency	109	COL28A1
Low-frequency	120	COL19A1
Low-frequency	137	COL1A1
Low-frequency	137	COL2A1
Low-frequency	145	COL11A1
Low-frequency	145	COL3A1
Low-frequency	157	COL7A1
Low-frequency	193	COL22A1
Low-frequency	221	COL1A2
Normal	1	AAAS
Normal	1	AAGAB
Normal	1	AAMP
Normal	1	ABCA13
Normal	1	ABCC4
Normal	1	ABCC8
Normal	1	ABCF2
Normal	1	ABCF2-H2BK1
Normal	1	ACADM
Normal	1	ACAT1
Normal	1	ACO2
Normal	1	ACOT11
Normal	1	ACOXL
Normal	1	ACP3
Normal	1	ACRBP
Normal	1	ACSM1
Normal	1	ACSM3
Normal	1	ACTN1
Normal	1	ACTR3C
Normal	1	ADAM23
Normal	1	ADGRE1
Normal	1	ADGRE2
Normal	1	ADGRG1
Normal	1	AGAP2
Normal	1	AGXT
Normal	1	AHCY
Normal	1	AHI1
Normal	1	AIFM2
Normal	1	AKIP1
Normal	1	AKR1C3
Normal	1	ALDH3B2
Normal	1	ALDOB
Normal	1	ALG1L9P
Normal	1	ANKRD17
Normal	1	ANO2
Normal	1	ANO9
Normal	1	ANOS1
Normal	1	ANXA6
Normal	1	AP1B1
Normal	1	APC2
Normal	1	APLF
Normal	1	APP
Normal	1	APPL1
Normal	1	AREL1
Normal	1	ARHGEF19
Normal	1	ARMH3
Normal	1	ARNT2
Normal	1	ARPP21
Normal	1	ASAH1
Normal	1	ATL1
Normal	1	ATP13A1
Normal	1	ATP13A3
Normal	1	ATP2B2
Normal	1	ATP5MC3
Normal	1	ATP6V1A
Normal	1	ATP6V1B2
Normal	1	ATP7B
Normal	1	ATP8B2
Normal	1	ATRX
Normal	1	AXDND1
Normal	1	BBS1
Normal	1	BBS2
Normal	1	BCAS2
Normal	1	BIN2
Normal	1	BIRC2
Normal	1	BMAL1
Normal	1	BNIPL
Normal	1	CACNA1F
Normal	1	CALB1
Normal	1	CAMK4
Normal	1	CAPN2
Normal	1	CARTPT
Normal	1	CASK
Normal	1	CASKIN2
Normal	1	CCAR2
Normal	1	CCDC169-SOHLH2
Normal	1	CCDC57
Normal	1	CCDC63
Normal	1	CCM2
Normal	1	CCNB3
Normal	1	CCNF
Normal	1	CD40LG
Normal	1	CD46
Normal	1	CDC14B
Normal	1	CDC25A
Normal	1	CDC34
Normal	1	CDK5RAP2
Normal	1	CEP120
Normal	1	CERNA1
Normal	1	CFAP57
Normal	1	CFAP77
Normal	1	CFL1
Normal	1	CHD6
Normal	1	CHD7
Normal	1	CHEK2
Normal	1	CHM
Normal	1	CHN1
Normal	1	CLCN1
Normal	1	CLCN5
Normal	1	CMTM7
Normal	1	CNDP2
Normal	1	CNNM4
Normal	1	COCH
Normal	1	COL17A1
Normal	1	COL4A1
Normal	1	COL6A1
Normal	1	COPG2
Normal	1	COQ8A
Normal	1	CPLANE1
Normal	1	CRAMP1
Normal	1	CRISPLD2
Normal	1	CRYM
Normal	1	CSF1
Normal	1	CSMD1
Normal	1	CSMD3
Normal	1	CTH
Normal	1	CTNNA2
Normal	1	CTNNB1
Normal	1	CTNND2
Normal	1	CUL4A
Normal	1	CYP4F12
Normal	1	DAB2IP
Normal	1	DARS2
Normal	1	DCAF4
Normal	1	DCLRE1C
Normal	1	DCTN1
Normal	1	DCTN4
Normal	1	DDX42
Normal	1	DES
Normal	1	DGKA
Normal	1	DHX33
Normal	1	DIAPH1
Normal	1	DISC1
Normal	1	DMP1
Normal	1	DNAH1
Normal	1	DNAH10
Normal	1	DNAH10OS
Normal	1	DNAH5
Normal	1	DNAI3
Normal	1	DNHD1
Normal	1	DNM1
Normal	1	DRC1
Normal	1	DSCAML1
Normal	1	EBF1
Normal	1	EBF3
Normal	1	EBNA1BP2
Normal	1	EGFR
Normal	1	EHD2
Normal	1	ELAPOR1
Normal	1	ELAVL3
Normal	1	ELMOD3
Normal	1	ELOVL2
Normal	1	EMC10
Normal	1	EML2
Normal	1	EP400
Normal	1	EPN2
Normal	1	EPYC
Normal	1	EQTN
Normal	1	ERBB4
Normal	1	ERBIN
Normal	1	ERCC8
Normal	1	ERGIC1
Normal	1	ERGIC3
Normal	1	EXD1
Normal	1	EXOC2
Normal	1	EXPH5
Normal	1	EXT2
Normal	1	EYS
Normal	1	EZH2
Normal	1	FAF2
Normal	1	FAH
Normal	1	FAM114A2
Normal	1	FAM131C
Normal	1	FAM133B
Normal	1	FAM86C1P
Normal	1	FAP
Normal	1	FCHO1
Normal	1	FHIP1A
Normal	1	FLNA
Normal	1	FLNB
Normal	1	FMNL3
Normal	1	FNBP1L
Normal	1	FOXJ3
Normal	1	FOXP4
Normal	1	FRMD3
Normal	1	FTSJ3
Normal	1	FURIN
Normal	1	G3BP1
Normal	1	G6PD
Normal	1	GABRB3
Normal	1	GALNT8
Normal	1	GBA2
Normal	1	GCA
Normal	1	GEN1
Normal	1	GET1-SH3BGR
Normal	1	GID4
Normal	1	GLDC
Normal	1	GLIPR1
Normal	1	GLO1
Normal	1	GLUD1
Normal	1	GNAS
Normal	1	GNL2
Normal	1	GNPTG
Normal	1	GORASP2
Normal	1	GRID1
Normal	1	GRIK4
Normal	1	GRIP2
Normal	1	GSR
Normal	1	GTF2A1L
Normal	1	GTF2H4
Normal	1	HADHB
Normal	1	HDGFL2
Normal	1	HDLBP
Normal	1	HGSNAT
Normal	1	HHIPL2
Normal	1	HIPK3
Normal	1	HNRNPA2B1
Normal	1	HNRNPK
Normal	1	HSD17B3
Normal	1	HSP90B1
Normal	1	HTR3A
Normal	1	HYAL4
Normal	1	IDH3B
Normal	1	IFFO2
Normal	1	IFT88
Normal	1	IKBKE
Normal	1	IL10
Normal	1	INIP
Normal	1	INO80
Normal	1	INPP4B
Normal	1	INPP5K
Normal	1	INTS3
Normal	1	INTS6
Normal	1	IQCH
Normal	1	IRF2
Normal	1	ISY1
Normal	1	ISY1-RAB43
Normal	1	ITGA11
Normal	1	ITGA2
Normal	1	ITGAM
Normal	1	ITGB1
Normal	1	ITIH1
Normal	1	ITIH2
Normal	1	JAG1
Normal	1	JUP
Normal	1	KCNH2
Normal	1	KCTD20
Normal	1	KIAA1755
Normal	1	KIF15
Normal	1	KIF1A
Normal	1	KIRREL3
Normal	1	KLHL32
Normal	1	KMT2A
Normal	1	KMT5A
Normal	1	KRR1
Normal	1	KRT14
Normal	1	KRT8
Normal	1	KRTCAP3
Normal	1	L1CAM
Normal	1	LAMA1
Normal	1	LAMA2
Normal	1	LAMA4
Normal	1	LBP
Normal	1	LHCGR
Normal	1	LIMK2
Normal	1	LMNA
Normal	1	LMTK3
Normal	1	LMX1B
Normal	1	LOXHD1
Normal	1	LPP
Normal	1	LRRC56
Normal	1	LRRC7
Normal	1	LSP1
Normal	1	LUC7L
Normal	1	LVRN
Normal	1	LYST
Normal	1	MAD1L1
Normal	1	MAP2K5
Normal	1	MARK3
Normal	1	MCAM
Normal	1	MCC
Normal	1	MCCC2
Normal	1	MCM2
Normal	1	MDH2
Normal	1	MDP1
Normal	1	ME3
Normal	1	MED16
Normal	1	MED23
Normal	1	MEIS2
Normal	1	MELK
Normal	1	MEN1
Normal	1	MET
Normal	1	MFN2
Normal	1	MLC1
Normal	1	MROH7-TTC4
Normal	1	MRPL48
Normal	1	MRPS27
Normal	1	MRPS31
Normal	1	MRRF
Normal	1	MTA3
Normal	1	MTM1
Normal	1	MTMR14
Normal	1	MTMR4
Normal	1	MTUS1
Normal	1	MUC2
Normal	1	MUS81
Normal	1	MUTYH
Normal	1	MVB12B
Normal	1	MYBPC1
Normal	1	MYBPC3
Normal	1	MYLK
Normal	1	MYO5C
Normal	1	MYOCD
Normal	1	NAA25
Normal	1	NAPA
Normal	1	NCAPD3
Normal	1	NCBP3
Normal	1	NCKAP5
Normal	1	NCOA1
Normal	1	NEBL
Normal	1	NEDD8-MDP1
Normal	1	NEK1
Normal	1	NFE2L3
Normal	1	NFXL1
Normal	1	NOMO1
Normal	1	NOMO3
Normal	1	NOS1AP
Normal	1	NOX1
Normal	1	NPC1
Normal	1	NPHP3-ACAD11
Normal	1	NPHS2
Normal	1	NPR1
Normal	1	NRDC
Normal	1	NRDE2
Normal	1	NSD1
Normal	1	NSMAF
Normal	1	NSUN7
Normal	1	NUB1
Normal	1	NUP133
Normal	1	NXF5
Normal	1	OGT
Normal	1	OPA1
Normal	1	OSBPL6
Normal	1	OSBPL9
Normal	1	OSCP1
Normal	1	OTUB2
Normal	1	P4HA1
Normal	1	PA2G4
Normal	1	PARK7
Normal	1	PAX6
Normal	1	PBX1
Normal	1	PCBD1
Normal	1	PCNX3
Normal	1	PCTP
Normal	1	PDE11A
Normal	1	PDHA1
Normal	1	PDZRN4
Normal	1	PEX16
Normal	1	PGS1
Normal	1	PIEZO2
Normal	1	PINX1
Normal	1	PITPNB
Normal	1	PIWIL4
Normal	1	PKD1
Normal	1	PKD2
Normal	1	PKNOX2
Normal	1	PLA2R1
Normal	1	PLCB4
Normal	1	PLEKHH2
Normal	1	PMEPA1
Normal	1	PNPLA3
Normal	1	POGLUT1
Normal	1	PORCN
Normal	1	PPP5C
Normal	1	PPP6C
Normal	1	PRKAR1B
Normal	1	PRKCA
Normal	1	PRKCE
Normal	1	PRKCG
Normal	1	PRMT7
Normal	1	PROS1
Normal	1	PSEN2
Normal	1	PSMG4
Normal	1	PTCH1
Normal	1	PTGES3L
Normal	1	PTGES3L-AARSD1
Normal	1	PTMS
Normal	1	PTOV1
Normal	1	PTPN12
Normal	1	PTPN3
Normal	1	PTS
Normal	1	QARS1
Normal	1	RAB40C
Normal	1	RAB7A
Normal	1	RALGPS2
Normal	1	RAPGEF4
Normal	1	RAPH1
Normal	1	RBM18
Normal	1	RBM20
Normal	1	RERE
Normal	1	RET
Normal	1	RFC5
Normal	1	RGS12
Normal	1	RGS9
Normal	1	RHO
Normal	1	RIOK3
Normal	1	RNF123
Normal	1	RNF141
Normal	1	RNPEPL1
Normal	1	ROCK1
Normal	1	RORB
Normal	1	RPAP1
Normal	1	RPS2
Normal	1	RPS4Y1
Normal	1	RPS6KA2
Normal	1	RPS7
Normal	1	RTCA
Normal	1	RTCB
Normal	1	RUFY2
Normal	1	RUSC2
Normal	1	RYR2
Normal	1	RYR3
Normal	1	SAFB
Normal	1	SCN1A
Normal	1	SCN3A
Normal	1	SCP2
Normal	1	SCUBE2
Normal	1	SDHC
Normal	1	SDK1
Normal	1	SEC63
Normal	1	SELENOI
Normal	1	SEMA4C
Normal	1	SENP2
Normal	1	SERPINC1
Normal	1	SESN2
Normal	1	SETD1A
Normal	1	SGPL1
Normal	1	SH3BGR
Normal	1	SH3RF2
Normal	1	SHANK2
Normal	1	SHPRH
Normal	1	SIK3
Normal	1	SIM2
Normal	1	SIN3B
Normal	1	SLC23A1
Normal	1	SLC35F5
Normal	1	SLC39A4
Normal	1	SLC3A2
Normal	1	SLC40A1
Normal	1	SLC44A2
Normal	1	SLC4A1
Normal	1	SLC4A4
Normal	1	SLC4A8
Normal	1	SLC6A1
Normal	1	SLC6A6
Normal	1	SLC9C2
Normal	1	SMAD3
Normal	1	SMAD4
Normal	1	SMARCB1
Normal	1	SMC6
Normal	1	SNAP91
Normal	1	SNCB
Normal	1	SND1
Normal	1	SNRNP200
Normal	1	SNX13
Normal	1	SNX30
Normal	1	SOHLH2
Normal	1	SOX5
Normal	1	SP100
Normal	1	SPAST
Normal	1	SPINK5
Normal	1	SPTBN1
Normal	1	SRGAP3
Normal	1	SSPN
Normal	1	STAM
Normal	1	STK10
Normal	1	STK11
Normal	1	STON1-GTF2A1L
Normal	1	SULT4A1
Normal	1	SUN1
Normal	1	SWAP70
Normal	1	SYN3
Normal	1	SYTL5
Normal	1	TAB1
Normal	1	TAF1
Normal	1	TBC1D14
Normal	1	TBC1D8
Normal	1	TBC1D9B
Normal	1	TBCB
Normal	1	TBL1X
Normal	1	TBX22
Normal	1	TCOF1
Normal	1	TDRD3
Normal	1	TEAD2
Normal	1	TESK2
Normal	1	TEX36
Normal	1	TFEB
Normal	1	TFRC
Normal	1	TGDS
Normal	1	THUMPD3
Normal	1	TJP2
Normal	1	TJP3
Normal	1	TLE6
Normal	1	TLN1
Normal	1	TMEM131
Normal	1	TMEM176A
Normal	1	TMEM181
Normal	1	TMEM199
Normal	1	TMEM258
Normal	1	TMEM44
Normal	1	TMPRSS2
Normal	1	TMTC1
Normal	1	TNFRSF19
Normal	1	TOP3A
Normal	1	TPCN1
Normal	1	TPM3
Normal	1	TRAF3IP3
Normal	1	TRAF5
Normal	1	TRAIP
Normal	1	TRIM22
Normal	1	TRIM5
Normal	1	TRIM54
Normal	1	TRIR
Normal	1	TRPC7
Normal	1	TRPV4
Normal	1	TSLP
Normal	1	TSNAX-DISC1
Normal	1	TSPAN14
Normal	1	TSR2
Normal	1	TTC21B
Normal	1	TTC3
Normal	1	TTC39A
Normal	1	TTC4
Normal	1	TTLL9
Normal	1	TTYH2
Normal	1	TUBG2
Normal	1	TYW1
Normal	1	U2SURP
Normal	1	UBA5
Normal	1	UBN1
Normal	1	UBR3
Normal	1	UIMC1
Normal	1	UNC45B
Normal	1	UQCC6
Normal	1	UQCRC2
Normal	1	URB1
Normal	1	USP25
Normal	1	VMP1
Normal	1	VPS13B
Normal	1	VPS36
Normal	1	WDFY3
Normal	1	WDR19
Normal	1	WDR72
Normal	1	WWC2
Normal	1	XGY2
Normal	1	XPNPEP2
Normal	1	XYLB
Normal	1	ZDHHC14
Normal	1	ZFYVE21
Normal	1	ZMPSTE24
Normal	1	ZNF106
Normal	1	ZNF384
Normal	1	ZNF385D
Normal	1	ZNF454
Normal	1	ZNF559
Normal	1	ZNF559-ZNF177
Normal	1	ZNF569
Normal	1	ZNF620
Normal	1	ZNF846
Normal	1	ZRANB3
Normal	2	A2ML1
Normal	2	ABCA1
Normal	2	ABCB7
Normal	2	ABCC12
Normal	2	ABCC5
Normal	2	ABCC9
Normal	2	ABR
Normal	2	ACACB
Normal	2	ACOT12
Normal	2	AMPH
Normal	2	ANGPT2
Normal	2	ANKRD29
Normal	2	AP2B1
Normal	2	APPL2
Normal	2	ARIH2
Normal	2	ARL3
Normal	2	ATP6V1B1
Normal	2	BEST1
Normal	2	BFSP1
Normal	2	BOLL
Normal	2	BPIFB3
Normal	2	BRD9
Normal	2	CA3
Normal	2	CA6
Normal	2	CACUL1
Normal	2	CAMKK2
Normal	2	CAP1
Normal	2	CCDC92
Normal	2	CDK14
Normal	2	CLNK
Normal	2	CLUH
Normal	2	CNKSR3
Normal	2	COL12A1
Normal	2	COL23A1
Normal	2	COPG1
Normal	2	COX16
Normal	2	CPA4
Normal	2	CPNE3
Normal	2	CSNK2A1
Normal	2	CUBN
Normal	2	DBN1
Normal	2	DDX59
Normal	2	DECR1
Normal	2	DNASE1
Normal	2	DRD2
Normal	2	EDA
Normal	2	EFTUD2
Normal	2	EGFLAM
Normal	2	EIF2B2
Normal	2	EIF3G
Normal	2	EIF3I
Normal	2	EMG1
Normal	2	EMID1
Normal	2	EPB41L4B
Normal	2	EXT1
Normal	2	FAF1
Normal	2	FECH
Normal	2	FKBP4
Normal	2	FUBP3
Normal	2	GARNL3
Normal	2	GLB1L2
Normal	2	GNS
Normal	2	GOLGA2
Normal	2	GOLGA3
Normal	2	GPR107
Normal	2	GRAMD2A
Normal	2	GRIPAP1
Normal	2	HAUS8
Normal	2	HGD
Normal	2	HUS1
Normal	2	HUWE1
Normal	2	HYAL2
Normal	2	IFT81
Normal	2	IGF2BP2
Normal	2	IKBKB
Normal	2	IL20
Normal	2	IL2RG
Normal	2	IPO7
Normal	2	ITGAV
Normal	2	KAT7
Normal	2	KDM1B
Normal	2	KDM2B
Normal	2	KEL
Normal	2	KIF19
Normal	2	KIF24
Normal	2	KLHDC4
Normal	2	LPCAT3
Normal	2	LRP5
Normal	2	LSM11
Normal	2	MAOB
Normal	2	MARS1
Normal	2	MCM5
Normal	2	MCPH1
Normal	2	MGRN1
Normal	2	MKKS
Normal	2	MRPS11
Normal	2	MSH4
Normal	2	MTMR1
Normal	2	MYH3
Normal	2	NAA40
Normal	2	NARS2
Normal	2	NELFE
Normal	2	NFKB1
Normal	2	NUGGC
Normal	2	OMA1
Normal	2	OPTC
Normal	2	OSBPL1A
Normal	2	PAH
Normal	2	PARN
Normal	2	PATL1
Normal	2	PDE2A
Normal	2	PGM2L1
Normal	2	PHF21A
Normal	2	PHF8
Normal	2	PIM2
Normal	2	PIP4K2B
Normal	2	PLEK
Normal	2	PLOD3
Normal	2	POLD1
Normal	2	POLR1A
Normal	2	POLR3A
Normal	2	PRKD3
Normal	2	PRKG1
Normal	2	PRKX
Normal	2	PRPF31
Normal	2	PRPF8
Normal	2	PSMD1
Normal	2	PTPN11
Normal	2	PTPN23
Normal	2	PYGL
Normal	2	RABGAP1
Normal	2	RABL3
Normal	2	RAI14
Normal	2	RALGPS1
Normal	2	RASAL2
Normal	2	RAVER1
Normal	2	RB1
Normal	2	RBM10
Normal	2	RBM19
Normal	2	RDH10
Normal	2	REPS1
Normal	2	RGL1
Normal	2	RIF1
Normal	2	RPGRIP1
Normal	2	RPIA
Normal	2	RPS6KA3
Normal	2	SAAL1
Normal	2	SCN5A
Normal	2	SCN8A
Normal	2	SEC14L3
Normal	2	SEC31B
Normal	2	SEMA3F
Normal	2	SETBP1
Normal	2	SLC25A17
Normal	2	SLC35D1
Normal	2	SLC37A3
Normal	2	SLC39A2
Normal	2	SLC5A11
Normal	2	SMARCD3
Normal	2	SP140
Normal	2	STAB1
Normal	2	STK31
Normal	2	STK36
Normal	2	SYNJ2BP
Normal	2	SYNJ2BP-COX16
Normal	2	TBL1Y
Normal	2	TCEA3
Normal	2	TIAM2
Normal	2	TIMM44
Normal	2	TM9SF4
Normal	2	TNKS
Normal	2	TNNT2
Normal	2	TNRC6A
Normal	2	TP53
Normal	2	TRAP1
Normal	2	TRIM16
Normal	2	TRIM67
Normal	2	TRIOBP
Normal	2	TSPAN15
Normal	2	TSPAN17
Normal	2	TTC13
Normal	2	TUB
Normal	2	UBE2L6
Normal	2	UGT1A1
Normal	2	UGT1A10
Normal	2	UGT1A3
Normal	2	UGT1A4
Normal	2	UGT1A5
Normal	2	UGT1A6
Normal	2	UGT1A7
Normal	2	UGT1A8
Normal	2	UGT1A9
Normal	2	UQCRC1
Normal	2	USH2A
Normal	2	VAX2
Normal	2	VPS35
Normal	2	VPS41
Normal	2	WAS
Normal	2	WDR88
Normal	2	YKT6
Normal	2	ZCCHC7
Normal	2	ZMAT4
Normal	2	ZNF512
Normal	2	ZNF546
Normal	3	ABCC2
Normal	3	ACBD5
Normal	3	ACSBG2
Normal	3	ADAM12
Normal	3	ADAMDEC1
Normal	3	AFAP1L2
Normal	3	AFDN
Normal	3	AGK
Normal	3	AKAP3
Normal	3	AKAP4
Normal	3	ANKRD52
Normal	3	ANTXR2
Normal	3	AP4S1
Normal	3	APPBP2
Normal	3	ARHGAP12
Normal	3	ARHGAP19
Normal	3	ARHGAP19-SLIT1
Normal	3	ARHGEF6
Normal	3	ARMC8
Normal	3	ARMH4
Normal	3	ARPC4
Normal	3	ARPC4-TTLL3
Normal	3	ARR3
Normal	3	ATP1A4
Normal	3	ATPAF1
Normal	3	BAIAP2L1
Normal	3	C3
Normal	3	CACNA1S
Normal	3	CAMK2D
Normal	3	CAMP
Normal	3	CASQ1
Normal	3	CASTOR3P
Normal	3	CBFA2T2
Normal	3	CC2D2A
Normal	3	CD200
Normal	3	CD9
Normal	3	CDH1
Normal	3	CDKL1
Normal	3	CEP250
Normal	3	CERS6
Normal	3	CES5A
Normal	3	CFAP91
Normal	3	CHAF1A
Normal	3	CHD1
Normal	3	CHMP6
Normal	3	CHMP7
Normal	3	CLCN3
Normal	3	CPNE1
Normal	3	CTNNA1
Normal	3	CTNNAL1
Normal	3	CTNND1
Normal	3	CUX1
Normal	3	CYRIA
Normal	3	DAZAP1
Normal	3	DCTN2
Normal	3	DDX17
Normal	3	DDX27
Normal	3	DLAT
Normal	3	DMAC2L
Normal	3	DNM1L
Normal	3	DPF1
Normal	3	DRG1
Normal	3	DSP
Normal	3	EIF4ENIF1
Normal	3	EPC2
Normal	3	ESYT1
Normal	3	EVPL
Normal	3	EZR
Normal	3	FCER1G
Normal	3	GCKR
Normal	3	GIGYF2
Normal	3	GLYR1
Normal	3	GNL1
Normal	3	GRIA1
Normal	3	HEYL
Normal	3	HMGA1
Normal	3	HPRT1
Normal	3	HSD17B4
Normal	3	IFT43
Normal	3	ITGA5
Normal	3	JARID2
Normal	3	KCNQ2
Normal	3	KDM5D
Normal	3	KPNA6
Normal	3	KRT80
Normal	3	LIMK1
Normal	3	LRRFIP2
Normal	3	MCCC1
Normal	3	METTL25
Normal	3	MFSD14B
Normal	3	MGAT5B
Normal	3	MPV17
Normal	3	MTCH2
Normal	3	MYH4
Normal	3	NAT10
Normal	3	NBEA
Normal	3	NCF1
Normal	3	NICN1
Normal	3	NPC2
Normal	3	P2RY12
Normal	3	PATJ
Normal	3	PDE6C
Normal	3	PEX5L
Normal	3	PHC1
Normal	3	PIEZO1
Normal	3	PITPNA
Normal	3	PLEKHG4B
Normal	3	PMS2
Normal	3	PPP2R3A
Normal	3	PRELID3A
Normal	3	PRKAG2
Normal	3	PRKD2
Normal	3	PSMA3
Normal	3	PSMC3IP
Normal	3	PTMA
Normal	3	PTPN13
Normal	3	PTPN18
Normal	3	RAB12
Normal	3	RASGEF1A
Normal	3	RDX
Normal	3	RFX2
Normal	3	RNF212
Normal	3	RPH3AL
Normal	3	RYR1
Normal	3	SEC24A
Normal	3	SEL1L
Normal	3	SERPINB7
Normal	3	SF3A1
Normal	3	SGPP2
Normal	3	SLC12A3
Normal	3	SLC1A4
Normal	3	SLC28A3
Normal	3	SLC36A3
Normal	3	SLC44A3
Normal	3	SLC5A1
Normal	3	SLC5A8
Normal	3	SLU7
Normal	3	SMAP2
Normal	3	SNRPB2
Normal	3	SORCS2
Normal	3	SPTAN1
Normal	3	SSBP2
Normal	3	STAG1
Normal	3	STAG3
Normal	3	STAT1
Normal	3	STRIP2
Normal	3	SULT6B1
Normal	3	SYCP1
Normal	3	SYNGAP1
Normal	3	TAF4B
Normal	3	TDRD9
Normal	3	TEAD4
Normal	3	TERT
Normal	3	TET3
Normal	3	TLE4
Normal	3	TRPM8
Normal	3	TSPAN7
Normal	3	TTC12
Normal	3	TTC26
Normal	3	UNC13B
Normal	3	UTP20
Normal	3	VPS13A
Normal	3	VPS53
Normal	3	VRK3
Normal	3	WASHC3
Normal	3	WDR76
Normal	3	WNK1
Normal	3	WWP2
Normal	3	XRCC1
Normal	3	ZFYVE27
Normal	3	ZMYM3
Normal	3	ZXDC
Normal	4	ABCG2
Normal	4	ACTR3B
Normal	4	AKAP1
Normal	4	AOPEP
Normal	4	AP1G1
Normal	4	ASPH
Normal	4	ATG7
Normal	4	AVEN
Normal	4	BRWD3
Normal	4	C10orf67
Normal	4	C11orf65
Normal	4	C3orf14
Normal	4	C5
Normal	4	CACNA1I
Normal	4	CADPS
Normal	4	CARMIL3
Normal	4	CCDC134
Normal	4	CCDC180
Normal	4	CCDC27
Normal	4	CCNE1
Normal	4	CDC42BPG
Normal	4	CFAP61
Normal	4	CGNL1
Normal	4	CTSH
Normal	4	DDX39A
Normal	4	DENND2A
Normal	4	DOCK3
Normal	4	DOP1B
Normal	4	DPF3
Normal	4	DYNC2H1
Normal	4	EIF3B
Normal	4	EIF4G3
Normal	4	EPB41L3
Normal	4	ESR2
Normal	4	EXOSC5
Normal	4	FARP1
Normal	4	FGD3
Normal	4	FKBP15
Normal	4	GAD1
Normal	4	GALNT18
Normal	4	GRB10
Normal	4	GRK3
Normal	4	GTF2A1
Normal	4	HIP1
Normal	4	ITGAE
Normal	4	KCND2
Normal	4	KCNN3
Normal	4	KCNQ1
Normal	4	KIF13A
Normal	4	KMT2B
Normal	4	KNSTRN
Normal	4	KRI1
Normal	4	KRT2
Normal	4	KRT5
Normal	4	LDLR
Normal	4	MAGEA11
Normal	4	MARCHF6
Normal	4	MARK4
Normal	4	MDN1
Normal	4	MED12L
Normal	4	MIX23
Normal	4	MRPL43
Normal	4	MSI1
Normal	4	MTHFD1L
Normal	4	MTMR2
Normal	4	MTUS2
Normal	4	MYH13
Normal	4	MYO1F
Normal	4	MYO5A
Normal	4	NIF3L1
Normal	4	OS9
Normal	4	OXCT1
Normal	4	P3H1
Normal	4	PARVA
Normal	4	PDE10A
Normal	4	PDE6B
Normal	4	PDE9A
Normal	4	PDILT
Normal	4	PDPR
Normal	4	PFDN6
Normal	4	PFKM
Normal	4	PHKB
Normal	4	PLCB2
Normal	4	PLP1
Normal	4	PPFIA1
Normal	4	PTPRN2
Normal	4	PZP
Normal	4	RASGEF1C
Normal	4	RGL2
Normal	4	RPS19
Normal	4	RPS5
Normal	4	RUBCN
Normal	4	SCN11A
Normal	4	SEC14L4
Normal	4	SEC22C
Normal	4	SEL1L2
Normal	4	SEMA4F
Normal	4	SEMA4G
Normal	4	SERPINB11
Normal	4	SERPINB3
Normal	4	SF3B3
Normal	4	SGK2
Normal	4	SLC24A3
Normal	4	SLC26A9
Normal	4	SLX4IP
Normal	4	SPTBN2
Normal	4	SUGT1P4-STRA6LP-CCDC180
Normal	4	SYNE1
Normal	4	SYNE2
Normal	4	TBL1XR1
Normal	4	TFDP2
Normal	4	TLK2
Normal	4	TNRC6B
Normal	4	TTBK2
Normal	4	U2AF1
Normal	4	UQCC1
Normal	4	USB1
Normal	4	WHRN
Normal	4	XPO6
Normal	4	ZMYND11
Normal	4	ZNFX1
Normal	5	ABCC11
Normal	5	ACLY
Normal	5	ACSBG1
Normal	5	ADAMTS17
Normal	5	ADAP2
Normal	5	ANKRD11
Normal	5	ANXA3
Normal	5	ARHGEF10L
Normal	5	ASS1
Normal	5	ATF2
Normal	5	ATP6V1E1
Normal	5	BAG6
Normal	5	BTF3
Normal	5	CABIN1
Normal	5	CAMK2G
Normal	5	CEP83
Normal	5	CNKSR2
Normal	5	CNOT9
Normal	5	COG4
Normal	5	COL9A2
Normal	5	COLQ
Normal	5	CRYZL2P-SEC16B
Normal	5	DDX11
Normal	5	DGKG
Normal	5	DLG2
Normal	5	DNM3
Normal	5	DUS2
Normal	5	ECEL1
Normal	5	ENTREP2
Normal	5	EPB41
Normal	5	EPS15L1
Normal	5	ERC2
Normal	5	EVC2
Normal	5	F8
Normal	5	FAM120B
Normal	5	FBXO31
Normal	5	FRMD4A
Normal	5	FRRS1
Normal	5	GARRE1
Normal	5	GON4L
Normal	5	GRK5
Normal	5	GRK6
Normal	5	KCND3
Normal	5	LAPTM5
Normal	5	LDB1
Normal	5	MIDN
Normal	5	MPP3
Normal	5	MPRIP
Normal	5	MTCH1
Normal	5	NARF
Normal	5	NEK5
Normal	5	NET1
Normal	5	NGEF
Normal	5	NIPAL2
Normal	5	NXF3
Normal	5	PCBP2
Normal	5	PCCB
Normal	5	PDZD11
Normal	5	PEX5
Normal	5	PHC2
Normal	5	POLA2
Normal	5	PPP1R14D
Normal	5	PPP2R5D
Normal	5	PSME3
Normal	5	RAD51D
Normal	5	RANBP17
Normal	5	RBL2
Normal	5	RGS7
Normal	5	SAMD4B
Normal	5	SEC16B
Normal	5	SFXN4
Normal	5	SLC2A11
Normal	5	SLC2A3
Normal	5	SNRNP70
Normal	5	SNTG2
Normal	5	SPATA5
Normal	5	SPNS3
Normal	5	SRSF11
Normal	5	STARD3NL
Normal	5	STAT2
Normal	5	STAT4
Normal	5	STAT5B
Normal	5	SV2B
Normal	5	TAOK1
Normal	5	TCF25
Normal	5	TKTL1
Normal	5	TRAF3IP2
Normal	5	TRIM63
Normal	5	TRIP12
Normal	5	TSPAN1
Normal	5	TSPAN16
Normal	5	UNC13C
Normal	5	USP24
Normal	5	XYLT1
Normal	5	YEATS2
Normal	5	ZMYND10
Normal	6	AASS
Normal	6	ABCC6
Normal	6	ACTR3
Normal	6	ADGRB3
Normal	6	ADGRE5
Normal	6	ADSL
Normal	6	AFF3
Normal	6	ANKRD6
Normal	6	APBA1
Normal	6	B4GALNT3
Normal	6	BIN1
Normal	6	BRIP1
Normal	6	CA12
Normal	6	CERT1
Normal	6	CHCHD3
Normal	6	CLCN6
Normal	6	CNIH3
Normal	6	DMKN
Normal	6	DNAH3
Normal	6	DOCK9
Normal	6	DPYSL3
Normal	6	F9
Normal	6	FBXL20
Normal	6	FGD5
Normal	6	GALNT9
Normal	6	GAS8
Normal	6	GLG1
Normal	6	GLI1
Normal	6	GOLGA1
Normal	6	IFNL2
Normal	6	IL3RA
Normal	6	ITGA6
Normal	6	KNOP1
Normal	6	KYAT3
Normal	6	LARP1
Normal	6	LIMCH1
Normal	6	LYRM2
Normal	6	MADD
Normal	6	MRPL1
Normal	6	MSH6
Normal	6	MSN
Normal	6	MYH1
Normal	6	NCKAP1L
Normal	6	NT5DC3
Normal	6	NUP160
Normal	6	PALM2AKAP2
Normal	6	PHEX
Normal	6	PHGDH
Normal	6	PIK3CG
Normal	6	QTRT1
Normal	6	RAB3IL1
Normal	6	RAP1GAP
Normal	6	RGS3
Normal	6	RNF165
Normal	6	RNF8
Normal	6	ROGDI
Normal	6	SEMA4A
Normal	6	SETD3
Normal	6	SLC24A4
Normal	6	SLC6A3
Normal	6	SMARCE1
Normal	6	SOX13
Normal	6	STX18
Normal	6	SUPT6H
Normal	6	THPO
Normal	6	TLE2
Normal	6	TNRC6C
Normal	6	TOX
Normal	6	TP53I11
Normal	6	TRIM15
Normal	6	TRIM29
Normal	6	TRRAP
Normal	6	TSKS
Normal	6	TSPAN18
Normal	6	UBR1
Normal	6	UBR4
Normal	6	VIPAS39
Normal	6	VPS33B
Normal	6	XPC
Normal	6	XRN1
Normal	7	AARS1
Normal	7	ACSL6
Normal	7	AFF2
Normal	7	ANKH
Normal	7	ANKRD1
Normal	7	BBX
Normal	7	CA13
Normal	7	CCDC47
Normal	7	CERS5
Normal	7	CFTR
Normal	7	CLEC16A
Normal	7	CLPTM1L
Normal	7	COL9A1
Normal	7	COLEC11
Normal	7	DAB1
Normal	7	DIP2B
Normal	7	ELP3
Normal	7	FBXO11
Normal	7	GRAMD4
Normal	7	GRIK3
Normal	7	HGS
Normal	7	HOOK3
Normal	7	KAZN
Normal	7	MED24
Normal	7	MRPL12
Normal	7	MS4A8
Normal	7	MTHFD1
Normal	7	MTOR
Normal	7	MYB
Normal	7	MYRIP
Normal	7	NAV2
Normal	7	NOB1
Normal	7	PFKFB3
Normal	7	PIP5K1C
Normal	7	PRTFDC1
Normal	7	PTGS1
Normal	7	RAB36
Normal	7	RCOR2
Normal	7	RPL17
Normal	7	RPL17-C18orf32
Normal	7	RPN2
Normal	7	RRN3
Normal	7	RTF1
Normal	7	SCAMP2
Normal	7	SERPING1
Normal	7	SLC47A1
Normal	7	SNX27
Normal	7	SYNJ2
Normal	7	TNIP2
Normal	7	TRAF3
Normal	7	TUBG1
Normal	7	UBE3B
Normal	7	VAT1L
Normal	8	ABAT
Normal	8	ABLIM1
Normal	8	ADAM22
Normal	8	AFAP1L1
Normal	8	ALDH6A1
Normal	8	BBOF1
Normal	8	CARD11
Normal	8	CCBE1
Normal	8	CCDC146
Normal	8	CPNE2
Normal	8	CRMP1
Normal	8	DOCK8
Normal	8	ELP1
Normal	8	ENOSF1
Normal	8	EVC
Normal	8	FAM13A
Normal	8	FAM32A
Normal	8	FANCI
Normal	8	FLT3LG
Normal	8	GRIK1
Normal	8	KIF5A
Normal	8	KNTC1
Normal	8	LRBA
Normal	8	LRSAM1
Normal	8	MPP7
Normal	8	NF2
Normal	8	NPHP4
Normal	8	PLEKHG1
Normal	8	POLG
Normal	8	PPFIBP1
Normal	8	PPP2R5A
Normal	8	RANGAP1
Normal	8	RCSD1
Normal	8	RHD
Normal	8	RNF122
Normal	8	RNF150
Normal	8	RNF214
Normal	8	RSKR
Normal	8	RSRP1
Normal	8	SAMM50
Normal	8	SEMA3G
Normal	8	SEMA7A
Normal	8	SLC37A1
Normal	8	SLC9A2
Normal	8	SNTG1
Normal	8	SORCS1
Normal	8	SPAG5
Normal	8	SRRD
Normal	8	ST6GAL1
Normal	8	TARS2
Normal	8	TCF7L1
Normal	8	TEAD1
Normal	8	TM4SF20
Normal	8	TMEM67
Normal	8	VPS35L
Normal	9	AAMDC
Normal	9	ACOX3
Normal	9	ACSL1
Normal	9	AQP5
Normal	9	ARHGEF10
Normal	9	ARHGEF12
Normal	9	BANP
Normal	9	CALD1
Normal	9	CERS4
Normal	9	CLCN7
Normal	9	COL15A1
Normal	9	COL4A6
Normal	9	CTDSPL
Normal	9	DDX31
Normal	9	DKK3
Normal	9	DLST
Normal	9	DOCK10
Normal	9	DROSHA
Normal	9	EPB41L1
Normal	9	FBXL2
Normal	9	FOXP1
Normal	9	HES1
Normal	9	INTS4
Normal	9	KALRN
Normal	9	KBTBD11-OT1
Normal	9	MICAL2
Normal	9	MYHAS
Normal	9	NDRG3
Normal	9	NRAP
Normal	9	NSUN2
Normal	9	OCA2
Normal	9	P4HA3
Normal	9	PREX1
Normal	9	PSMC1
Normal	9	PTEN
Normal	9	RAB40B
Normal	9	RBMS3
Normal	9	REC114
Normal	9	RRBP1
Normal	9	SLC26A4
Normal	9	SNX1
Normal	9	SNX9
Normal	9	STAP2
Normal	9	TAF4
Normal	9	TM4SF5
Normal	9	TRIM35
Normal	9	TRIM4
Normal	9	TRIM55
Normal	9	TRPM1
Normal	9	TSPAN9
Normal	9	TTC27
Normal	9	VARS2
Normal	9	VPS8
Normal	9	WIPI1
Normal	9	XPO7
Normal	9	ZC3H7B
Normal	9	ZNF365
Normal	10	ABCA4
Normal	10	ADD1
Normal	10	AGXT2
Normal	10	AKNA
Normal	10	ALDH1L2
Normal	10	ATP2C2
Normal	10	CLUAP1
Normal	10	CNBD2
Normal	10	COL19A1
Normal	10	DNAJC9
Normal	10	FAM149B1
Normal	10	FBXO32
Normal	10	FRMPD2
Normal	10	GAS7
Normal	10	GDPD4
Normal	10	GTF2H1
Normal	10	HARS1
Normal	10	KDM4A
Normal	10	MAPKAPK5
Normal	10	NEDD9
Normal	10	NIPAL3
Normal	10	NOPCHAP1
Normal	10	PLCB1
Normal	10	PRCC
Normal	10	PSMC2
Normal	10	RASGRF1
Normal	10	RBPMS2
Normal	10	RFFL
Normal	10	RNF144B
Normal	10	RPS6KA1
Normal	10	SLC26A5
Normal	10	SLC28A1
Normal	10	SLC43A2
Normal	10	SORCS3
Normal	10	TRIM44
Normal	10	UNC13A
Normal	10	XRCC5
Normal	10	YJU2B
Normal	10	ZBBX
Normal	10	ZNF430
Normal	10	ZNRF3
Normal	11	ADD2
Normal	11	ANAPC1
Normal	11	ARHGAP26
Normal	11	ATP9A
Normal	11	CAMKK1
Normal	11	CAP2
Normal	11	CIT
Normal	11	COL6A2
Normal	11	COL9A3
Normal	11	DGKD
Normal	11	DMD
Normal	11	ERO1A
Normal	11	FES
Normal	11	ITGB3
Normal	11	JHY
Normal	11	MDM4
Normal	11	MKS1
Normal	11	MMS19
Normal	11	MTR
Normal	11	MYO1E
Normal	11	NEB
Normal	11	P4HA2
Normal	11	PHKA2
Normal	11	PI4KA
Normal	11	PIGH
Normal	11	PPT1
Normal	11	PRRC2B
Normal	11	RNF135
Normal	11	SENP7
Normal	11	SF3B2
Normal	11	SFXN5
Normal	11	SPX
Normal	11	SUFU
Normal	11	SUPT5H
Normal	11	TAT
Normal	11	TBCD
Normal	11	TLE3
Normal	11	TMEM255A
Normal	11	TOP1MT
Normal	11	TRIM21
Normal	11	TRIM9
Normal	11	TSPAN33
Normal	12	ACACA
Normal	12	ACCSL
Normal	12	ACMSD
Normal	12	ANO1
Normal	12	APC
Normal	12	ARID3B
Normal	12	ATG2A
Normal	12	ATM
Normal	12	BCAS4
Normal	12	CD247
Normal	12	CDC25B
Normal	12	CDH26
Normal	12	CEMIP
Normal	12	CNOT3
Normal	12	CTIF
Normal	12	DMAP1
Normal	12	EIF2B3
Normal	12	ENAM
Normal	12	ERAP1
Normal	12	FEZ1
Normal	12	GOLIM4
Normal	12	GRAMD2B
Normal	12	HEY1
Normal	12	ITSN2
Normal	12	KNL1
Normal	12	LSS
Normal	12	MED27
Normal	12	NFAM1
Normal	12	NOP2
Normal	12	NUP93
Normal	12	NXF1
Normal	12	PACS1
Normal	12	PCDH11X
Normal	12	PIK3R5
Normal	12	POLR2G
Normal	12	PTPN9
Normal	12	RPTOR
Normal	12	SIRT7
Normal	12	SMARCAL1
Normal	12	SPTA1
Normal	12	TRIM40
Normal	12	TSPAN3
Normal	12	UACA
Normal	12	UTP6
Normal	13	ABCF1
Normal	13	ACCS
Normal	13	ADAMTS12
Normal	13	ADAMTS2
Normal	13	ADCK1
Normal	13	ATP9B
Normal	13	C7
Normal	13	CACNB2
Normal	13	CAST
Normal	13	COL4A4
Normal	13	DNTT
Normal	13	EXOSC10
Normal	13	ITGA9
Normal	13	LIG1
Normal	13	LOXL1
Normal	13	MROH2B
Normal	13	NEK6
Normal	13	NOC3L
Normal	13	NUAK2
Normal	13	PACS2
Normal	13	PI4K2A
Normal	13	PKD1L1
Normal	13	PLEKHG3
Normal	13	PTPN2
Normal	13	RNF130
Normal	13	RUVBL1
Normal	13	SH3GL2
Normal	13	SLC25A29
Normal	13	SMPD4
Normal	13	SNHG22
Normal	13	USP33
Normal	13	VAV1
Normal	13	WWC3
Normal	13	XDH
Normal	14	AFF1
Normal	14	BTK
Normal	14	C4orf50
Normal	14	CACNA1A
Normal	14	CORO7
Normal	14	CORO7-PAM16
Normal	14	DDX1
Normal	14	DZANK1
Normal	14	HEY2
Normal	14	ILF3
Normal	14	JAKMIP1
Normal	14	KIF1B
Normal	14	MAP3K20
Normal	14	MYO5B
Normal	14	P2RX4
Normal	14	PAM16
Normal	14	PPP6R2
Normal	14	PTPN1
Normal	14	RAE1
Normal	14	RNF157
Normal	14	SEC23B
Normal	14	SETD2
Normal	14	SRP68
Normal	14	TRPV2
Normal	14	USP20
Normal	15	AFAP1
Normal	15	ANK3
Normal	15	CCT2
Normal	15	COL4A5
Normal	15	DIP2A
Normal	15	GLB1L3
Normal	15	GRB7
Normal	15	KIDINS220
Normal	15	KRT3
Normal	15	KRT84
Normal	15	NF1
Normal	15	NGDN
Normal	15	NUP188
Normal	15	P2RX7
Normal	15	PAPPA
Normal	15	PCGF1
Normal	15	PHC3
Normal	15	PLEKHA7
Normal	15	PPL
Normal	15	PRDM16
Normal	15	SLAMF1
Normal	15	TAF6L
Normal	15	TEKT5
Normal	15	TMC1
Normal	15	TMEM223
Normal	15	TSPAN2
Normal	15	TUFT1
Normal	15	USP8
Normal	15	YLPM1
Normal	16	ANKS1A
Normal	16	AP1M1
Normal	16	ATG2B
Normal	16	ATP5PD
Normal	16	B3GNTL1
Normal	16	CA5A
Normal	16	COL6A6
Normal	16	CTTN
Normal	16	EPHX2
Normal	16	FBP2
Normal	16	GCN1
Normal	16	GMPPA
Normal	16	HADHA
Normal	16	HUNK
Normal	16	IL4I1
Normal	16	IQGAP3
Normal	16	ITPR1
Normal	16	LAMA3
Normal	16	LAPTM4A
Normal	16	MAK16
Normal	16	MGAT5
Normal	16	PCAT7
Normal	16	PDE3A
Normal	16	PPP1R12B
Normal	16	RGS6
Normal	16	SEMA4D
Normal	16	TKT
Normal	16	TSC2
Normal	16	TTI2
Normal	16	UNC79
Normal	16	UTP4
Normal	16	WDR5
Normal	16	ZNF276
Normal	17	ALKBH3
Normal	17	ANKDD1A
Normal	17	APBA2
Normal	17	CACNA2D4
Normal	17	CHD2
Normal	17	CMTR1
Normal	17	DYTN
Normal	17	FANCA
Normal	17	HM13
Normal	17	IPPK
Normal	17	JAKMIP2
Normal	17	KATNB1
Normal	17	NASP
Normal	17	NBR1
Normal	17	PALB2
Normal	17	PEPD
Normal	17	PMPCA
Normal	17	PRPF38B
Normal	17	RAP1GAP2
Normal	17	SEPTIN9
Normal	17	TMEM268
Normal	17	UBE2I
Normal	17	UNC13D
Normal	17	YY1AP1
Normal	18	ABCB1
Normal	18	ARHGEF26
Normal	18	ASAP3
Normal	18	BLMH
Normal	18	DNAI1
Normal	18	EEF2KMT
Normal	18	GEMIN2
Normal	18	MACF1
Normal	18	NUBP1
Normal	18	PDE6A
Normal	18	RAB8A
Normal	18	RPH3A
Normal	18	SAFB2
Normal	18	TNIP1
Normal	18	TXLNB
Normal	18	UTRN
Normal	18	VAV2
Normal	18	ZPR1
Normal	19	BSPRY
Normal	19	CALR3
Normal	19	CDC42BPB
Normal	19	DOCK11
Normal	19	DOCK4
Normal	19	FOCAD
Normal	19	IFT172
Normal	19	KHSRP
Normal	19	MLPH
Normal	19	NADSYN1
Normal	19	NAP1L4
Normal	19	NCOA2
Normal	19	PSAP
Normal	19	SLC1A1
Normal	19	SLC5A12
Normal	19	SNX8
Normal	19	SPATA6L
Normal	19	SUMF1
Normal	19	TK2
Normal	19	TLN2
Normal	19	UBAP2
Normal	19	ZNF416
Normal	20	AGAP1
Normal	20	ARMC9
Normal	20	CCDC86
Normal	20	FRMD4B
Normal	20	RMDN3
Normal	21	AOX1
Normal	21	CAPN3
Normal	21	CARS1
Normal	21	COL13A1
Normal	21	COL5A3
Normal	21	COL7A1
Normal	21	FMNL2
Normal	21	KCTD2
Normal	21	MKNK1
Normal	21	PARP6
Normal	21	PDZRN3
Normal	21	PHKA1
Normal	21	PPP1R14C
Normal	21	PSMD2
Normal	21	PTK2
Normal	21	STAB2
Normal	21	TEP1
Normal	22	CCDC93
Normal	22	COL25A1
Normal	22	DNTTIP1
Normal	22	DOCK5
Normal	22	GCOM1
Normal	22	MYZAP
Normal	22	RNF213
Normal	23	PAPPA2
Normal	23	PRKN
Normal	23	PRPF19
Normal	24	ALDH1L1
Normal	24	CBFA2T3
Normal	24	COL11A2
Normal	24	KRTDAP
Normal	24	NISCH
Normal	24	SCGN
Normal	24	STAT3
Normal	25	ABCC1
Normal	25	AP3D1
Normal	25	CACNA2D2
Normal	25	COL16A1
Normal	25	PDSS1
Normal	25	POLDIP3
Normal	25	VAC14
Normal	26	APLP2
Normal	26	CPNE4
Normal	26	MYO1B
Normal	26	PDXDC1
Normal	26	RGS22
Normal	27	COL11A1
Normal	27	CPS1
Normal	27	KLF12
Normal	27	NPLOC4
Normal	28	COL4A3
Normal	29	ANK1
Normal	29	CEP128
Normal	29	COL6A3
Normal	29	DGKI
Normal	29	FHIT
Normal	29	LUZP2
Normal	30	METTL17
Normal	30	PLEKHH1
Normal	31	MYO15A
Normal	31	MYO18A
Normal	31	NDRG1
Normal	32	DOCK2
Normal	32	LRRFIP1
Normal	33	ANTXR1
Normal	33	CALB2
Normal	34	ECE1
Normal	36	DYSF
Normal	36	GTPBP4
Normal	39	COL3A1
Normal	41	COL14A1
Normal	41	COL28A1
Normal	41	COL5A2
Normal	41	MSH2
Normal	42	COL24A1
Normal	44	ANK2
Normal	45	COL1A1
Normal	54	JAKMIP3
Normal	55	COL27A1
Normal	59	COL2A1
Normal	61	PLB1
Normal	64	MLH1
Normal	68	COL5A1
Normal	68	FBN1
Normal	76	COL1A2
Normal	142	COL22A1
Normal	176	BRCA2
Normal	230	BRCA1
Conflicting	1	ADA
Conflicting	1	AQP5
Conflicting	1	ARHGEF16
Conflicting	1	CAPN3
Conflicting	1	CERS4
Conflicting	1	CLCN1
Conflicting	1	COL5A1
Conflicting	1	CPNE2
Conflicting	1	CUBN
Conflicting	1	CYBA
Conflicting	1	DOCK9
Conflicting	1	EBF2
Conflicting	1	F8
Conflicting	1	F9
Conflicting	1	FBN1
Conflicting	1	FOXP3
Conflicting	1	G6PD
Conflicting	1	GIPC3
Conflicting	1	IKBKG
Conflicting	1	KIF1B
Conflicting	1	KMT2D
Conflicting	1	KNL1
Conflicting	1	KRTDAP
Conflicting	1	MYL2
Conflicting	1	NEBL
Conflicting	1	NFIX
Conflicting	1	NPHP3-ACAD11
Conflicting	1	NUP88
Conflicting	1	OCA2
Conflicting	1	PHKA2
Conflicting	1	PHKB
Conflicting	1	PKIG
Conflicting	1	RABEP1
Conflicting	1	RANGAP1
Conflicting	1	RB1
Conflicting	1	RMND1
Conflicting	1	RNASEH2B
Conflicting	1	RSKR
Conflicting	1	RUNX2
Conflicting	1	RYR2
Conflicting	1	SEMA4A
Conflicting	1	SOD1
Conflicting	1	SPAG5
Conflicting	1	UBA5
Conflicting	1	UNC13D
Conflicting	1	YY1AP1
Conflicting	2	B3GNTL1
Conflicting	2	COL1A2
Conflicting	2	IDS
Conflicting	2	NF1
Conflicting	2	OTC
Conflicting	2	STAT2
Conflicting	3	BRCA2
Conflicting	3	SPAST
Conflicting	3	WT1
Conflicting	4	CFTR
Conflicting	4	COL7A1
Conflicting	5	PAH
Conflicting	7	BRCA1
